200000 100
48702 152842 156363
20489 199351 57745
63629 190892 58234
19293 115596 148349
104917 198139 48244
51376 104981 114365
103211 198996 181361
32436 48922 123282
94716 103893 1205
55188 150737 74312
76405 154761 118311
152810 177762 22591
17155 151886 98573
119430 163379 155505
101311 101532 43369
2772 51744 175488
51601 140510 182438
63070 187097 160211
115798 181682 194235
102991 198926 132811
74455 74732 113099
70170 166059 91187
136041 167882 129182
103570 150265 75510
137992 199719 124848
11687 95126 164774
15510 163051 5012
99160 141810 91886
13822 32404 60720
78054 164103 199912
169282 187967 20936
97059 119612 57099
29840 136295 58076
20925 36099 30090
66837 110603 15768
71227 143055 153114
91004 163341 62850
121597 146398 151897
148518 184983 118511
104115 166296 158246
11811 79848 568
129111 196960 120633
28048 76360 38750
67010 74138 158852
40030 43331 93427
34740 39320 198053
36737 119571 130115
25387 71357 150492
174950 198460 59722
22592 180843 160623
160560 166385 57476
15392 67311 28678
5319 94016 169569
106318 165955 65208
42977 56224 15226
113712 121715 45539
13030 175715 100326
72098 76927 92609
11654 102720 183261
70292 193128 31176
116419 165615 156773
66688 196588 119931
28454 60862 143483
18859 135616 129826
20124 41388 43239
133577 175771 95883
97785 181672 102698
23097 168114 43671
169430 182280 172215
20822 26594 14408
33540 177340 142035
11653 15862 110546
81818 163168 66177
60752 92351 62107
72914 133532 101429
109172 184180 75928
82956 128512 14472
36312 104397 154971
144287 190306 22044
214 49906 41472
57630 184926 121727
64113 175425 157414
17719 181451 141534
22305 170290 29923
63960 136679 21494
75095 130314 21027
32807 60412 145149
49022 88524 173517
116218 190016 186945
17770 120031 41559
128119 175223 38870
109232 153910 144918
79112 94958 126860
35679 81965 22465
82367 86375 138638
159928 179226 172465
145823 175295 40599
1618 198158 58287
59385 153398 64093
136879 136965 121832
