200000 100
28582 53865 7
66092 84374 17
42918 185764 1
142218 156240 8
22814 41767 7
79088 89871 17
111113 124213 15
27866 30904 38
12376 93804 7
115059 160633 8
73835 116639 17
10055 61178 7
120439 170228 3
10629 86591 7
51569 160427 8
76016 187129 1
8863 56678 7
44651 199188 1
93577 176832 2
45065 182722 1
103840 190936 1
123499 183727 1
136765 191681 1
192832 193216 652
96252 104154 20
66308 189984 1
69276 192929 1
38152 54835 9
35326 96168 7
45457 94684 9
24047 117601 7
66651 162694 3
70399 177269 2
3877 63845 4
74443 197961 1
39624 119019 9
40797 151459 8
41249 55921 9
147533 180496 2
7870 197875 1
107809 161903 3
33835 57423 7
1845 176241 2
35478 60270 7
82391 160595 8
43616 143310 9
37648 133087 9
13056 132723 7
20259 138439 7
51874 122946 9
18715 59011 7
40820 124617 9
109938 193002 1
82765 180563 2
31700 52781 7
29600 84430 7
13622 157533 7
111912 152405 8
117591 193050 1
10282 129048 7
122513 141805 13
111899 131415 15
152053 154074 41
113733 158017 8
109850 126147 15
122672 139854 13
32318 98473 7
106576 116113 86
49559 140953 9
126934 181778 2
35163 187350 1
63308 72522 25
20105 199848 1
90496 107011 20
108686 139531 13
116533 185030 1
5750 34642 4
90878 157625 8
34858 56037 7
18395 192275 1
58645 160283 8
55202 182736 1
44789 102673 9
79679 91339 67
34227 91199 7
144337 194474 1
91855 116676 20
84095 175366 2
44047 170064 3
42561 101605 9
79983 189874 1
8258 20137 4
59641 199127 1
107369 166015 3
34132 177345 2
22233 85628 7
7147 100783 4
745 100736 4
105714 178485 2
36600 42892 19
