200000 1000
7895 96146 15742
44427 67555 131093
40881 73296 31928
185367 189339 60531
180238 187256 133332
7056 50769 188394
30387 181077 108048
86914 111238 148072
105747 115568 152987
125918 186907 115409
93124 141805 71383
159435 169472 63017
108370 178917 96233
38076 123602 122942
113583 142054 148187
158098 184200 21119
145636 175661 28901
1138 112605 145754
29148 85121 146150
160322 166151 20847
52210 188104 70105
61391 121302 39139
22391 89008 71647
31805 181848 76169
4347 60589 191860
85189 130598 45692
10550 173171 149958
63161 127074 87607
102394 120386 64724
3022 120933 36815
24780 120422 91092
51084 88505 19308
51349 181773 123255
184314 198006 167150
95743 166689 108963
40323 42271 169889
142396 149308 59303
113120 173042 91021
39223 99454 57111
40392 41822 60440
76775 181331 158178
33080 116702 14796
89390 171128 6862
43762 87792 50767
1354 81053 82984
142173 177558 181742
37871 47919 21039
124171 151452 154908
67622 79282 152776
72197 100640 68891
79623 164538 69065
69358 187554 442
65912 180287 95510
160651 185346 96029
13264 33734 111880
102963 115644 174463
91628 190565 118185
135717 189719 132643
71730 99706 193136
191037 198082 75041
18207 91120 12362
7702 152864 120660
127247 132434 75288
165923 174883 50475
99277 129491 124722
19674 71465 197683
57073 198226 36559
121356 144287 20006
142415 172316 93462
3691 86446 7271
37381 46845 98195
43909 179270 12030
106386 129419 196041
40001 112945 27152
34407 58677 34747
53262 57573 170698
109599 134105 82414
20763 136461 164365
65140 105448 19528
54722 79374 69369
73669 75828 148732
4942 28730 135767
58751 101914 111038
96924 124104 6473
13317 64023 12328
55493 121081 136880
149739 190555 172607
46441 59252 7976
1161 137546 173816
32623 111067 112415
131375 133355 8952
88684 188419 160222
1927 144144 179004
179116 188600 98761
118781 142597 172648
43271 60887 174722
143287 179206 74472
136090 156920 167333
113124 123683 103274
88096 113135 171556
172823 197808 151430
48409 116502 74776
52312 194248 20904
8537 23315 187563
3327 99482 144796
40493 117660 132971
55175 73486 33976
50317 191033 106580
66122 172771 103930
37742 104227 79098
169466 173812 61308
108174 181274 3219
88679 100974 181135
92997 163037 116313
64046 86747 85183
3255 157335 40604
106299 109013 29722
752 191006 34177
174339 199969 178385
6000 193881 34314
41526 199981 174809
12307 14847 26345
100193 128837 183261
15191 29663 110397
45993 142689 176173
9016 11803 48531
79008 87166 94346
86712 150784 56199
17691 90217 116278
92939 174619 72898
88594 137152 164699
22114 97181 181482
307 78852 21620
70878 135454 73964
61954 145788 172654
48043 118253 42615
37091 93299 23388
852 79684 158307
38521 125257 4293
53016 199242 154115
40349 98837 26154
41280 178346 136692
78449 79427 85421
149185 171837 195137
8021 12357 116285
9817 66005 97638
98646 135068 72806
105428 190878 28804
3626 132844 27391
61811 101257 6448
27874 45276 104876
15656 57014 173740
5117 51288 6142
45607 156229 1448
52239 98165 181529
22395 115845 10839
10038 66067 3462
102604 108461 66549
30443 63995 123591
18494 137132 24301
55597 98995 108363
6147 108541 28897
160910 170996 153980
69024 111726 162570
5767 103131 109225
42039 50065 47576
129954 181667 103901
1045 141270 75168
81703 84820 106604
173237 185422 91286
114030 180431 58612
30704 162379 195532
17740 140394 41221
10851 38708 15095
35611 120419 110273
66864 143506 77974
8823 136613 15010
95826 99260 99035
309 18104 112436
9119 55883 184772
11629 187730 85161
26826 143283 38963
6297 39309 199043
98072 190954 136420
168499 191653 168506
51600 192340 37781
29939 159893 154703
137799 159812 194207
80252 81119 119146
20113 136190 24122
21176 105966 112336
3213 107981 32382
84067 137952 120537
30458 198709 3721
102409 148307 183241
20311 176848 166074
137957 188002 21441
12016 96652 121166
14006 108672 171867
70107 129300 159812
105362 106638 25552
16140 93668 181700
180830 182466 118177
24272 90261 192234
60224 191746 116735
15227 18737 318
31489 138485 184823
377 158114 96090
97698 179738 27937
96385 143184 6432
52068 152449 180986
121595 167433 118593
151706 191050 14891
79567 145218 151094
27803 88706 34361
66646 138662 64885
3969 86661 10645
6585 108681 110586
5601 63958 152570
144256 157561 198687
20168 119406 94405
132355 159050 133740
126660 161643 80293
112607 152331 75358
83756 140871 112385
6646 86700 74825
78041 92159 87591
34337 84874 66751
144082 163292 46719
129758 167652 36018
68607 165265 175628
46244 172208 143584
28193 94186 123630
12626 127661 174265
94197 101004 89433
48667 55005 48412
66712 181042 188759
44458 55504 111438
45954 199682 53320
35708 51146 166126
93291 137386 147613
2116 116008 82024
14275 169238 84264
95450 129362 61402
90715 129335 14532
94464 189972 46772
9912 118211 144550
170320 197212 35913
136245 150918 168862
43417 94258 138321
63040 135515 161103
17899 118454 64628
147411 178372 12146
59420 129993 82983
9854 96816 122291
155446 180456 151075
44417 55514 177679
123437 174262 156409
42680 105928 188857
108501 163380 64045
8063 47872 6079
50470 162704 3059
137705 143694 57441
60419 197093 37302
28426 84059 51622
61917 88288 69527
166064 169959 100002
3567 56606 86900
66882 170221 191780
151825 162347 18691
17328 130451 135055
158348 176675 108218
62685 185404 161646
66695 153594 68774
1388 196901 169367
113939 191150 195451
145769 181979 94925
67407 136559 54672
11430 136002 151753
28195 170677 167866
68258 116449 23719
91815 161227 50290
15618 22016 110489
176909 197339 177549
46858 186916 174431
85395 159048 58344
53030 80612 91431
22341 111638 53384
16982 25256 186069
86434 126561 172178
168082 173569 53706
165918 175967 190967
83294 165986 114927
79615 80955 76556
117633 131781 103129
17114 28866 45029
33413 131455 81698
99113 193763 101232
16116 195163 170934
117810 137472 117937
102632 174441 97867
55795 98475 31997
22095 71536 174139
31589 38166 135998
8234 28090 12874
50590 107501 161940
4367 99202 191270
14298 79466 135761
109317 137206 9586
31100 194258 19995
2188 24417 113178
98772 197003 189451
51181 198825 115414
118717 176331 11285
140604 182249 135117
8466 70274 82195
111803 126977 77112
47905 68141 146460
58164 155338 109054
107394 174261 59607
71865 182947 55258
27338 83307 76215
13711 158950 9014
169869 188630 57184
100391 107776 126242
39422 186030 33519
8198 149241 72109
128868 143402 42460
3579 21346 48557
80160 162611 21082
16749 145301 103325
81163 107152 76645
16243 166439 64788
93641 137504 105848
54415 114960 192055
124553 163105 147140
24213 118669 170892
92189 143583 110559
80173 123177 108414
126436 186614 83995
88772 122679 135724
41075 70106 13720
15661 185180 36142
116484 139553 104611
50636 152726 77995
104528 121894 98085
5116 148595 62765
54740 167952 124731
16013 58839 104279
12300 60466 118675
79421 176867 16766
62280 62457 70137
123984 158636 61739
170208 180483 14560
55972 89815 161109
56496 147399 74911
43206 191083 123444
17061 141714 57144
128029 183079 124989
1688 142418 106740
20575 148044 45838
70207 138018 91311
72358 114003 46337
95377 169002 135117
43649 159292 139266
143964 191234 184105
76734 173084 10870
30025 139103 100792
36709 118888 67847
84276 91979 88935
118605 184327 178374
148925 153933 153134
44164 158858 8023
70013 105399 183291
95189 199604 193030
27333 168881 29178
1498 87675 121718
41569 131232 173933
60647 130108 28085
80722 157755 109851
55565 191400 43410
189473 195273 9246
4437 172734 1499
152084 192056 133617
86774 177270 97586
75006 191307 99820
117547 174786 118284
65240 70934 60215
30273 122125 156301
126140 183503 64709
97398 151341 62960
41714 79656 191367
133674 199186 48096
111444 124481 197687
73221 119472 168927
78908 88308 122596
161704 196266 143382
25685 113409 102245
119155 169442 46787
37728 41559 111654
84973 100501 60161
115925 185669 112123
38854 123032 187000
135304 169369 95892
22153 138604 144520
89714 123788 67004
8915 159324 69626
33548 97342 163110
62839 184223 97229
17908 182317 48437
2757 163952 11308
128504 152116 130620
43439 124207 186994
81436 151851 1444
100996 167282 6644
21421 160042 2102
34443 41994 65850
43772 123080 109694
116005 166845 114894
160725 184964 40299
1093 61921 79648
82689 126666 10795
84814 134608 69705
42571 146934 130173
11400 26301 171281
35821 62061 161189
77762 198140 155476
4344 51108 169967
17533 53658 148546
90986 199268 133576
29218 199844 168165
179813 184459 57470
190174 195929 57928
65787 196584 116071
100807 120278 57197
12273 87337 50622
92353 149181 145512
184091 199540 8593
148234 181023 95667
112110 169799 199679
32352 57785 74158
66242 136389 26069
134516 150881 18857
12618 92829 112763
61836 107937 20945
103408 172015 98719
29932 64496 99734
91449 118381 75211
7356 96705 190589
34261 105984 147818
3299 88996 193678
38685 99464 60315
97254 106611 70201
39635 193615 171004
13634 169600 135231
10420 35058 183258
19310 164961 199099
37998 119460 137263
146559 151036 108093
115517 199459 155394
44795 158756 12569
61070 108476 5123
100595 106743 174798
58558 96009 50071
35102 82819 25853
53119 112999 43404
147141 172919 181097
63201 178192 179112
105005 170604 47129
9123 103971 80642
48535 85184 151450
159869 166840 151172
75917 192195 123056
97298 175871 89462
41396 51604 160512
64789 86934 51896
67554 124046 143837
55737 60410 184765
140792 197411 44231
39193 181074 180202
62355 107360 97235
80761 147197 189385
49179 168196 7803
10044 82590 59447
148276 187116 184043
139313 161193 85513
67961 123923 35477
33640 101065 100527
651 129664 70803
73060 198475 60975
64474 64580 186447
28986 97108 42533
50388 88775 81028
22504 101118 21350
85592 193184 110500
64922 94086 198356
2092 87923 167008
49207 76187 36216
127935 133178 30139
72440 168956 104081
14543 57757 162583
91306 119822 13302
90183 130836 106106
6746 136438 33743
19921 111652 38126
106167 191745 106955
54996 158856 151060
39856 193310 187239
106759 153259 139108
46234 112090 198044
72797 129441 77886
164302 194846 46260
98521 171412 47582
14705 136856 89283
29583 123860 154826
82416 98145 17627
81400 93479 184649
91040 199997 195878
190372 198399 28814
10518 87498 172900
18422 153194 22814
157828 163222 146022
54798 56646 138386
56031 154906 63242
4139 36295 139653
59643 158599 95660
74828 137207 90520
140412 160087 151135
35850 56841 198952
88937 138901 111037
51702 163837 124165
12330 181870 42566
99112 106706 137900
26960 136291 47446
40890 170791 90969
57529 133945 24077
120611 187328 109717
159021 183008 127978
7903 132864 23555
67557 188430 16611
2510 6207 113192
102136 126193 853
32193 122389 140070
16433 177963 97860
37544 181711 174684
13768 54180 156516
11426 37928 158729
18812 172921 123555
1544 46842 36843
49512 151631 89894
130760 166816 184586
5507 21167 81799
157243 189836 152554
115308 144307 11252
82503 88301 138590
27455 90450 134998
54249 159735 41069
11795 177854 89373
64401 195431 141583
74257 178805 13505
78316 196341 58367
1925 32304 130704
60898 196490 168391
166399 173716 45441
108661 160637 83562
44911 77035 20644
106996 177035 125027
30962 154606 185927
140686 162813 74156
3337 68664 139745
39570 114517 124983
111514 177743 162277
2869 75602 199110
9576 92733 165793
31366 143295 76509
65371 151396 29144
16280 143659 51788
50224 173553 166605
116240 177729 141825
21865 198758 146331
81916 138815 67581
678 56254 179921
42090 166732 126343
70785 71635 109104
51345 100088 188776
158355 177590 51599
16848 32653 187228
98451 111978 82164
26112 87218 94739
67213 172770 87708
67836 149162 102567
70343 170174 192351
19015 171159 126891
34102 179099 132703
25956 76947 107459
167057 175082 69214
12848 90297 112322
113894 116735 153453
139643 198525 109879
6971 113818 146972
35022 61160 11850
65727 172929 43355
30623 191357 125977
27822 130319 64856
99704 184793 195678
16591 37568 164299
103586 131425 10995
56728 67959 22144
100832 149177 158005
51609 187877 105627
64565 181053 184373
57009 68771 63579
34139 147881 83437
123557 165479 89560
54457 58519 125913
5567 30724 142233
3384 179940 3047
23439 195871 13905
68684 195157 62937
41023 94461 60335
15127 15374 45177
83368 187040 18349
77446 171904 75224
148664 186989 60454
43507 162544 29800
24540 105726 86112
14046 163790 25841
74525 113318 63231
174249 178742 68899
5040 137328 176876
1547 76176 190688
19314 170398 77919
37022 168016 161807
190611 195587 31650
58892 154359 41131
194360 196124 19380
20949 156844 140173
113131 184115 33472
59502 104776 69776
11505 52938 84811
29359 145868 20198
82134 119055 40359
22099 24192 67135
130207 170752 1756
71217 166313 147635
76241 177242 187659
41576 92433 110661
131693 154563 68800
26529 148886 191441
58169 108653 46212
69954 138569 135222
6192 16370 7442
21834 121730 51909
59088 96127 61481
53415 197692 18045
40050 147479 197906
9388 142734 145674
144493 146284 36037
19553 180279 141909
9624 62495 116689
143199 168963 80452
77195 182300 74636
41410 127204 20207
10188 37836 54951
134799 153562 34614
13100 136933 27692
76579 80688 160195
117521 173419 55213
42866 58268 156566
39134 186647 158132
30700 79276 182643
178264 187774 36739
79367 178929 132635
90121 140575 129927
54716 185553 111088
172478 179578 8693
20258 101608 9412
5887 38235 169231
14785 193819 8407
182448 185634 73981
106412 169437 110951
76795 110318 3540
1505 14524 38178
54508 173067 195684
107577 159573 153152
102721 128673 155516
76994 183042 122279
175631 195860 70349
16708 68797 181892
164197 190305 108295
98744 135994 185131
84896 146755 105682
57878 74486 90470
88555 93528 137837
48596 61406 27248
63216 156681 40152
61778 182322 108797
177951 186755 11833
94162 97434 79540
11873 19348 29025
7535 31626 153526
143816 176839 14063
25783 199397 20612
53189 77284 61571
60560 165493 175013
11270 58608 160989
1430 185165 68970
71861 176906 89685
28235 109619 144128
117527 131821 104293
68933 170035 16771
58850 94690 132693
37937 76932 128092
111196 161300 172727
144195 144894 79003
115192 147334 48572
168063 187625 114530
28959 35685 169793
49340 92940 49554
96918 101267 12569
30511 114442 165127
147359 194517 28695
12711 195401 195577
96024 137703 4593
59428 91699 189300
124334 142991 75871
10828 195093 38465
13166 118748 169065
112774 120257 178979
52201 98013 129014
4737 88568 56818
6893 192034 58294
143919 191506 156437
28882 32770 119203
49135 139500 161309
19715 137553 56279
19649 89025 4964
76548 106318 46766
108530 194676 46586
70705 95503 45997
73379 100412 115554
43584 177293 70348
62764 115567 142703
176901 189940 85281
35212 99352 29491
35143 67991 174720
92675 122902 95255
25536 151207 117802
57611 84890 58331
29270 194912 80581
78242 175335 176726
23499 108216 88873
84973 109377 127708
40600 173061 177669
90002 90993 46946
91985 131223 48394
8112 46925 177961
25677 78213 191088
46354 74455 122809
22538 35080 33426
18695 84995 155361
31677 107613 25315
7668 169165 158446
115551 127373 49292
95631 111869 12672
108930 115799 166632
36406 186955 64735
58056 137092 33819
102582 189150 50138
76076 123990 95336
159153 168990 157999
119940 150926 28791
144954 191296 13588
133583 151166 50492
31143 92978 74014
2004 122938 33371
21567 103324 4261
46252 157818 115557
24085 187727 130361
10716 118723 159810
79772 126689 196373
53873 154084 165664
95240 126271 172798
8681 120054 196352
30064 114892 139914
149968 190946 136710
92393 152416 78427
66014 98291 50968
8554 198353 139128
13324 36431 49351
82327 120916 154959
1052 153953 90130
17261 74750 177404
62367 140059 131944
124525 150885 71841
104036 128375 87408
184419 186249 155426
9691 17210 194706
120565 183406 113240
34563 158992 137119
122140 183894 167164
53560 95612 40318
121631 133631 122025
156002 184271 181760
101950 164164 58899
61198 91060 139475
68462 173794 110279
85301 174050 96371
108729 128342 180277
21418 134613 195718
126050 167683 116263
81558 185836 46132
107766 181075 106157
23463 23811 30917
133775 134329 91236
75263 119818 21447
28270 55192 122844
24453 79684 166810
113557 161016 137451
122428 182466 37988
66460 115905 198003
78193 151798 153524
29123 193444 86783
36542 154273 83339
62585 146283 23263
109546 173056 153649
46808 185773 15649
13318 184928 35827
99431 117986 195075
25936 35862 90429
5201 171332 139680
101440 172311 162694
6763 103712 192352
5022 40419 170970
78738 152332 79164
137660 196685 51588
114076 185550 169832
124590 137074 140190
84935 104603 112557
34981 136197 9299
58380 183076 116186
104417 113170 26189
172182 197065 145322
119798 138509 141019
45720 162415 38551
17234 73025 158748
36050 103296 143703
121179 150880 187348
60683 85375 27215
47184 132540 51319
29787 68153 146528
24853 164410 150365
70076 163483 172492
39405 156250 67584
67160 117497 30772
83261 87789 46909
1905 12664 75382
18980 126645 68886
47264 137676 150778
46019 143292 195020
29077 119607 181541
18430 64494 36028
89842 169968 125661
9940 109523 45713
73396 192755 158640
11392 104819 132165
31897 59153 170101
50194 80663 49850
116528 180089 136014
71632 163951 132514
36163 154924 20373
25173 145202 197593
1934 86966 27261
10777 184101 145278
20855 69469 184684
135021 183581 104693
53972 63463 100624
66849 111506 183088
14932 76898 129761
82384 118203 174593
73490 122331 164257
35743 108824 7584
57577 126231 192323
97927 131044 150068
57044 194501 112814
80949 184141 128000
38605 181034 168933
126065 153334 149484
14633 165625 154658
96057 124297 138913
12779 96574 134074
2845 153117 52180
7080 172519 37222
178891 189487 192089
96814 192472 34633
95519 133395 134038
9809 194105 97686
32900 147652 78286
113922 190463 80922
79059 147334 67462
120123 143473 36353
61947 127153 108480
60033 125265 147307
55023 127288 178647
99858 167031 111869
100987 151134 183880
21815 52741 38431
14013 22024 123797
110726 142489 141216
2348 197035 144185
79676 145431 17811
66119 83817 134396
8231 137656 127407
83650 184528 156793
14481 156064 13375
131466 147771 151861
17141 191170 54458
82116 193426 76371
9781 112224 174420
11004 52825 17670
40304 65518 157081
16937 36947 95470
5811 156767 36424
22532 179094 8539
71535 191900 22853
83854 195069 140251
1790 116065 21482
146793 181110 32438
164153 189408 37512
46985 164711 142772
11313 173485 4378
88805 127425 19116
26319 115023 18382
63031 182371 115411
47740 88341 128496
36009 96391 160056
1204 192642 176012
70904 117203 98745
79746 99264 178949
66709 182339 195756
68658 75227 194517
19075 42325 84833
28042 196079 195588
8906 68193 187712
170554 196316 32478
47462 184831 138566
60287 106343 125472
73312 110384 199199
61957 74426 104550
105508 133479 197429
26557 99520 29725
133140 164774 50810
90129 156662 192183
70145 105889 197892
41138 127618 38609
44374 182030 5563
33092 39877 110262
114236 184488 11115
75014 81639 19648
35453 197091 88033
6729 10486 191711
142203 157056 38038
50108 164723 148882
46360 146810 129041
74347 132191 53215
63525 108435 53417
56562 170345 3096
61081 116684 27697
136211 157549 96798
90723 183100 140695
48156 91519 138557
10904 185442 145411
125730 187995 65357
30255 158047 1710
21508 41970 53162
57719 101036 16728
85723 171326 159469
103207 184600 197894
93663 113528 163483
118041 155584 55723
36761 69713 44487
189642 191776 99779
34932 81447 134631
61738 171386 187781
36878 75167 39635
83160 157201 109065
151324 165011 141919
46004 120301 30362
140768 142162 109081
82537 113404 58510
105021 137392 75517
6621 127180 58830
18216 186875 192582
34901 67379 103809
36327 173802 121080
64626 194885 103509
95716 150128 118656
32585 129101 196473
52052 64288 169691
116142 179437 156564
