200000 1000
96503 187320 1
62539 115972 2
109081 111086 14
18363 112760 2
27552 83359 11
93811 116370 2
124442 164121 1
59688 158487 1
12971 94909 2
78107 122446 2
89329 180805 1
7459 164022 1
79799 84224 25
83552 163960 1
90487 165194 1
45777 133828 2
74851 98856 2
20886 184142 1
13529 93838 11
30168 47662 28
43293 58239 11
52819 55406 85
9842 28335 41
72294 152859 1
91562 177718 1
133968 180037 1
136521 156451 1
21411 50797 11
5674 67766 10
14935 55452 11
14610 87069 11
86855 184826 1
122372 165670 1
10096 53010 11
97985 156088 1
68609 187083 1
40890 152295 1
58804 100950 2
122268 143905 1
72688 93010 18
118875 141143 6
72831 152308 1
36585 37160 763
141638 161298 1
67512 140910 2
44466 110931 2
38580 191668 1
49192 83129 11
136216 198245 1
91634 113278 2
103038 127141 5
31820 151651 1
81804 83199 120
69051 155893 1
28805 184664 1
2379 99766 2
53222 74336 23
120406 196390 1
18925 129573 2
191430 196447 13
33606 138179 2
77662 131276 2
42061 174503 1
32941 93151 11
95733 187457 1
30530 155662 1
47289 122479 2
14354 168206 1
57930 132237 2
25419 164822 1
34790 155475 1
145415 191699 8
9098 50959 11
30685 36813 34
3041 181308 1
124971 193298 1
93489 142616 2
10527 78946 11
30233 32964 51
90904 115723 2
34150 73141 11
2271 141198 2
23722 33114 51
49289 154516 1
39020 118061 2
142538 155590 1
45747 175275 1
89582 119409 2
11502 31454 41
40858 171356 1
49035 72218 11
174832 179116 62
18660 116015 2
40514 101657 2
59179 93904 2
90879 110982 2
35353 113135 2
62475 145703 1
51236 102285 2
32950 137320 2
1305 36744 7
51346 178406 1
23391 173043 1
82259 123953 2
102329 119915 5
58091 186026 1
137260 192458 1
41438 115972 2
160313 179261 8
138123 170166 1
174136 190928 22
120126 151034 1
41666 114014 2
11023 131722 2
5037 103726 2
6258 95224 2
136339 180055 1
31266 42956 28
141612 179536 1
84079 149507 1
54826 94226 2
130300 165122 1
70360 186012 1
67846 135365 2
107796 188600 1
60103 158203 1
156016 195526 8
18487 140854 2
24717 74993 11
39246 135247 2
38953 58711 11
37038 148420 1
55937 59050 33
61157 168394 1
1041 61483 7
67274 135589 2
122078 185969 1
75861 168235 1
160695 174907 9
37295 175424 1
91710 189126 1
42135 83296 11
106845 137924 6
84603 86104 24
86371 163880 1
17811 83571 11
149060 163140 8
11682 19786 41
84722 139239 2
62015 172817 1
104597 197747 1
61879 167298 1
24445 139721 2
36699 55230 11
113710 184633 1
85172 156399 1
97500 163066 1
106782 111406 14
14016 71392 11
167125 190804 22
21802 100149 2
32553 50594 11
28903 131902 2
6027 62893 10
164752 185336 9
73662 189071 1
85192 103798 2
116811 193164 1
59537 189158 1
38625 173914 1
5043 116681 2
704 197499 1
98288 140953 5
70182 165841 1
122122 166932 1
57476 64268 26
3706 91302 7
32595 103503 2
70557 101303 2
20530 153458 1
44307 181769 1
134001 192766 1
96656 146054 1
162041 167984 9
34893 78051 11
62797 158413 1
49359 190960 1
150822 189799 8
74319 140657 2
53592 146386 1
108817 116378 14
18438 97354 2
46331 128045 2
79863 84931 25
54403 70638 23
109993 135054 6
33783 94309 2
11342 107375 2
7989 197441 1
3515 134947 2
150083 178584 8
40137 171431 1
80602 125381 2
60009 190680 1
134858 180298 1
71276 146433 1
21352 111259 2
77508 98426 2
86502 162284 1
42673 48565 52
146743 163447 8
16565 89128 11
8526 16291 41
15443 116864 2
7249 110484 2
16236 45600 28
1051 23264 7
87620 166989 1
74 136758 2
1148 135332 2
150527 166881 8
98095 106251 5
95769 99844 3
116240 154944 1
54113 71296 23
130921 158650 1
46891 73117 11
95267 112241 3
76705 145006 1
133567 151808 1
85493 92327 58
94401 127607 3
82757 192521 1
92570 141036 2
51534 189232 1
46993 55090 11
4241 193396 1
152938 153101 4361
4060 15492 7
62967 150637 1
1348 114546 2
60465 72584 23
82355 199775 1
93748 125423 2
69461 109658 2
115451 164943 1
2705 105986 2
15049 37137 34
98734 162542 1
17365 124398 2
17029 156880 1
4347 143212 2
163239 181523 9
4219 146452 1
102443 158555 1
95472 137995 3
112037 124248 17
37511 137604 2
164961 197153 9
109661 196602 1
115576 196241 1
41288 168552 1
29732 167309 1
74095 169992 1
135980 181126 1
59212 83229 20
89689 101401 2
20138 80765 11
85632 125551 2
1682 74565 7
39899 90503 11
80974 125749 2
71830 91800 20
60883 178576 1
100784 152037 1
97015 172981 1
20754 61890 11
4341 55860 7
76106 148959 1
70239 89969 20
125930 152408 1
34102 44851 28
65981 100040 2
68349 162916 1
75499 84609 20
20590 58945 11
104044 157224 1
74558 110348 2
77179 102965 2
116373 124769 17
151091 196034 8
31749 47377 28
115366 139341 6
47587 49543 141
58443 96252 2
98778 172896 1
30426 117774 2
61452 194719 1
133567 138927 12
179966 186966 22
24136 69194 11
121831 142446 4
61163 143261 2
7269 22299 15
43163 148839 1
29815 189923 1
17234 130969 2
51617 153839 1
6758 130392 2
165842 196452 9
171363 188344 22
26085 171643 1
42905 66107 11
50959 165902 1
106425 187195 1
11176 50528 11
85589 90841 58
130668 192841 1
22243 108711 2
11906 63822 11
21216 88398 11
6529 144695 1
99369 150705 1
5169 155567 1
51907 128495 2
125079 199274 1
11728 129763 2
18091 88821 11
54941 121046 2
71726 137642 2
7040 139037 2
24867 61507 11
82398 168763 1
17775 167425 1
60342 167802 1
25198 38997 34
148116 161387 8
149203 177490 8
41436 118682 2
3914 62520 7
17614 122202 2
36900 187048 1
101232 190646 1
184020 188997 83
18668 107295 2
6823 123088 2
76512 168469 1
26064 121157 2
388 70303 7
79482 133952 2
44315 139826 2
168976 194071 13
3291 197332 1
15502 165889 1
79753 156660 1
101774 134009 5
33018 117793 2
72357 163955 1
89002 153767 1
85063 134638 2
8161 79485 11
101291 197366 1
57954 88526 20
73674 99657 2
27967 153890 1
89534 149803 1
9700 109736 2
24441 151278 1
87349 151110 1
47273 77161 11
22934 103045 2
30306 94312 2
79683 168080 1
116338 163897 1
34421 50624 11
23827 177953 1
36544 157693 1
151008 192672 8
42073 141210 2
178718 197321 13
62971 69873 23
53199 141975 2
106302 165761 1
43658 153928 1
55724 152799 1
48549 154635 1
45831 159451 1
35465 184500 1
15214 71331 11
36726 84287 11
9419 118147 2
53758 104513 2
130905 133370 39
163608 188560 9
160829 198527 9
14952 126267 2
73453 87085 20
10210 53830 11
84813 179426 1
149818 160874 8
96202 170176 1
20052 56014 11
96581 198961 1
60622 95856 2
44512 64257 11
74660 170097 1
126597 148693 1
129127 146496 1
73342 142219 2
86659 97349 2
29376 43449 28
53536 70446 23
54713 145036 1
4455 90415 7
70093 73372 78
109180 164540 1
57321 110747 2
18237 53424 11
118202 138554 6
194063 195573 16
16610 27581 71
57012 88756 20
12322 164867 1
10551 121141 2
100565 145667 1
42269 162298 1
22631 164577 1
2691 193402 1
30069 167072 1
64280 138258 2
82 64079 7
43827 47610 156
14489 157017 1
2785 87240 7
134739 161587 1
85145 121992 2
61150 81598 20
34055 95389 2
90324 114463 2
31514 56638 11
17958 107852 2
3769 133789 2
81247 144395 1
87261 198762 1
76493 191739 1
88432 195725 1
184883 186634 154
2087 41321 7
108559 113789 14
114561 152357 1
36781 115194 2
52637 192996 1
72920 156777 1
62810 182925 1
92487 100674 2
9997 76806 11
24094 45119 28
102082 171108 1
155948 189697 8
24978 91222 11
17432 154728 1
62525 74364 23
79709 110727 2
22194 32084 51
26474 30263 308
21453 134400 2
53460 64550 26
74816 108393 2
40938 51876 11
129191 194255 1
25234 59069 11
119323 155781 1
158845 185749 8
33194 103575 2
29730 111230 2
36984 58784 11
17578 151193 1
38670 193676 1
37255 131403 2
34208 108526 2
65660 95900 2
104791 124440 5
79082 101711 2
81617 133679 2
56634 109074 2
29826 45234 28
131446 194873 1
82291 150740 1
25451 130924 2
80002 174298 1
36546 42166 28
694 196453 1
16289 58742 11
6103 29162 10
37951 150256 1
12489 191502 1
34308 118761 2
23568 145099 1
21890 75471 11
140745 147047 1
22957 63778 11
11522 48780 28
15009 79482 11
6410 125929 2
63308 64302 658
72057 117042 2
83640 96466 2
94863 131977 3
93468 141491 2
50527 55863 85
4387 71786 7
156307 174063 8
129057 187985 1
24887 184828 1
34579 164598 1
77599 173974 1
17 15803 7
89193 192803 1
43323 56284 11
5841 134288 2
74167 160861 1
34074 132706 2
48877 158339 1
43187 77971 11
2818 180086 1
67568 170219 1
145034 166058 8
38678 87013 11
8934 129124 2
4159 191577 1
15218 18572 42
42631 48438 52
55730 148793 1
14253 122631 2
6207 110828 2
175396 191804 22
86602 90745 69
53815 83661 20
3244 147522 1
12179 115642 2
101812 112931 5
167394 168298 236
111586 189818 1
21457 101295 2
105501 146198 1
190369 195932 13
35413 62151 11
19712 188946 1
142095 173711 1
13159 197980 1
15353 176077 1
26117 160930 1
97698 179170 1
15930 119854 2
36749 81391 11
183128 192415 83
15629 41460 28
99577 148952 1
17549 131392 2
56799 85658 20
103827 117126 5
137406 161110 1
147845 163390 8
91651 171872 1
37572 176265 1
28660 49323 28
10014 67985 11
34475 68933 11
67066 93004 18
25699 77145 11
702 27866 7
49449 111247 2
148002 177820 8
51141 138333 2
26641 38624 34
47567 194199 1
58046 192952 1
165003 165180 482
154385 160808 8
59434 192608 1
94069 152120 1
53797 198317 1
58618 174522 1
80475 82827 25
76423 163315 1
84344 102340 2
63421 157664 1
1291 56489 7
76843 88368 20
56360 121279 2
58612 190805 1
93614 173202 1
148576 187940 8
73042 98531 2
29168 94246 2
67880 143097 2
39135 66567 11
98677 167852 1
2308 109560 2
89879 137068 2
103097 122233 5
24028 123495 2
119 35443 7
117453 176873 1
91510 103999 2
12031 128186 2
119595 151858 1
9645 123705 2
96935 170959 1
159285 182624 8
142559 191792 1
6297 145903 1
41487 85400 11
47356 148459 1
19685 120447 2
74904 80709 20
161073 170185 9
131031 157848 1
48229 77805 11
29420 186866 1
11032 78288 11
17210 88585 11
110086 172691 1
131335 171369 1
91629 199097 1
78542 121963 2
81023 178442 1
98329 149130 1
40374 118451 2
77575 145695 1
4740 199633 1
98808 104280 35
26399 65511 11
42278 67618 11
84578 92158 24
4764 11935 7
4272 95154 2
128040 188773 1
75969 165766 1
181372 185811 40
25677 59007 11
31004 143660 1
79390 181430 1
78855 131755 2
144754 146668 353
84249 138452 2
69700 171915 1
37397 116739 2
89166 115464 2
8699 83131 11
48664 98875 2
29879 145797 1
134593 171656 1
87586 184858 1
90247 99752 2
77977 172778 1
147435 170628 8
68460 133791 2
44689 94240 2
134288 157227 1
39907 135820 2
18348 192098 1
58386 147525 1
69479 185219 1
86671 183616 1
35105 164677 1
153344 186558 8
108790 189494 1
112611 160771 1
27088 56422 11
101849 124803 5
62664 79112 20
64092 113918 2
13665 153037 1
16637 107035 2
1202 112724 2
105793 154491 1
78786 187575 1
125000 190502 1
168628 174597 115
128698 192117 1
84682 138465 2
67343 147307 1
33439 145396 1
53347 82294 20
80551 182046 1
24629 156305 1
11595 152000 1
11390 80323 11
94680 132787 3
116397 135144 6
61120 122737 2
58606 111531 2
30728 116309 2
5419 6819 10
14444 129592 2
27034 101940 2
95062 177098 1
139617 148702 1
11516 60858 11
44886 192585 1
33317 99704 2
141447 193201 1
165233 195242 9
7695 62445 11
100889 101034 3066
56894 123186 2
55408 101339 2
53 53155 7
16790 38385 34
37522 197009 1
75532 178059 1
10944 131239 2
68047 101244 2
69936 79075 20
49223 176884 1
43195 73592 11
68498 80032 20
170100 182215 22
66030 93667 18
88254 179341 1
160209 164669 8
93883 132456 2
67415 190651 1
102720 199453 1
3016 198285 1
9386 12956 96
21175 79612 11
26781 132309 2
113198 113740 238
96736 120052 5
88358 131571 2
81665 170906 1
34913 145595 1
908 81732 7
53154 94799 2
112828 134124 6
105198 180540 1
31225 84633 11
145859 173988 8
118427 150634 1
47100 88014 11
12506 139809 2
23286 195560 1
797 196239 1
25657 105357 2
92081 123437 2
65184 197857 1
44367 172078 1
13397 51112 11
55087 183557 1
24434 131408 2
82971 108262 2
51653 71913 23
75381 110294 2
144605 193657 8
23450 76375 11
189386 197143 13
131201 199650 1
40319 124057 2
66842 93563 18
81565 160114 1
8173 40106 34
69590 116815 2
158478 161144 8
156725 161265 8
26995 29392 308
12208 198007 1
80084 128582 2
37511 175307 1
76103 176136 1
63116 98206 2
124858 182930 1
125870 190731 1
97099 173889 1
45813 165239 1
11301 113934 2
80646 175872 1
93432 141903 2
156631 198309 8
11851 21692 41
150078 188663 8
121002 177044 1
52497 143849 1
95457 146978 1
41604 126585 2
167695 195341 13
63327 167210 1
52744 182265 1
74382 81368 20
16341 26917 71
12819 127098 2
66301 192915 1
24475 65925 11
111009 196981 1
52526 72928 23
33534 55268 11
36022 80615 11
53495 84268 20
12068 159760 1
30337 31270 158
83977 105710 2
6082 88978 10
2666 9346 7
174607 192923 13
52099 157992 1
119075 165156 1
179749 199083 13
22301 135079 2
17823 89802 11
134893 183228 1
98951 145569 1
848 130331 2
99231 160274 1
72128 87100 20
97515 183945 1
76826 100179 2
40854 69250 11
38448 126349 2
71909 91307 20
78019 126584 2
2552 140365 2
42033 198357 1
181024 199838 13
55943 150251 1
179629 196783 13
44687 95871 2
60179 152038 1
27215 172611 1
96994 151692 1
46241 51092 11
145240 162585 8
96378 131248 5
22182 198385 1
47239 66475 11
46171 100332 2
59074 103410 2
120009 190473 1
130127 132304 39
10190 61640 11
90078 112325 2
10022 146007 1
47184 180995 1
31530 123807 2
97589 161208 1
9011 99486 2
52091 69284 23
129943 199234 1
65384 130388 2
6251 131278 2
102117 187143 1
52061 77427 23
123259 128201 6
159172 184639 8
38359 80201 11
49440 165077 1
173515 176110 62
2198 115159 2
27059 60872 11
28367 31806 51
39398 95656 2
68851 198649 1
17412 33846 51
36268 198598 1
62464 167849 1
70980 198952 1
35541 85980 11
39115 82275 11
90233 118161 2
47566 130008 2
97470 183822 1
53258 178669 1
52638 182645 1
152315 167908 8
26618 45555 28
5695 137791 2
95775 114004 3
63866 101004 2
59346 93370 18
38207 122004 2
39109 66561 11
107912 170433 1
7213 166966 1
52761 152766 1
73241 99487 2
106901 195451 1
157440 182874 8
78080 99174 2
211 91416 7
37171 91744 11
118276 154749 1
35920 71740 11
29831 71935 11
8180 134083 2
124562 168787 1
43025 101713 2
22527 180963 1
17766 155817 1
18348 35220 34
56033 98153 2
88951 108329 2
105631 141251 5
2060 176493 1
66314 160913 1
19177 188338 1
145449 171071 8
15260 158790 1
48092 132752 2
33231 47358 28
57701 190379 1
187049 192900 13
94308 130806 3
51704 132899 2
90265 129863 2
63229 137213 2
80995 131691 2
79634 182977 1
18898 183611 1
24915 56075 11
19769 40143 34
28241 155908 1
63873 153459 1
37216 85365 11
40503 122529 2
43644 47536 156
35210 194142 1
20105 189418 1
86495 89199 106
118962 156675 1
142520 191981 1
168123 178016 62
57952 62359 26
3417 62284 7
33769 196222 1
190373 190385 14889
128710 197143 1
27644 33643 51
92013 111031 2
43707 97527 2
22266 168522 1
75424 85956 20
29496 127203 2
82477 131479 2
186227 190522 83
148540 175896 8
4566 51896 7
48991 74360 11
116635 137069 6
146780 146818 8540
88242 94257 2
90288 155621 1
79930 81506 25
41736 67234 11
13641 157803 1
47350 108691 2
16574 139033 2
55773 151603 1
26637 189577 1
60773 122552 2
17268 102078 2
1058 33198 7
16680 109638 2
11129 126010 2
88810 149646 1
135668 160039 1
15854 36515 34
56096 199850 1
7962 108758 2
168078 193422 13
34541 198632 1
18880 53790 11
62965 148477 1
49695 169603 1
78332 127211 2
26512 114222 2
34599 138173 2
89985 168120 1
51703 73802 23
103514 162798 1
16193 192357 1
138028 168943 1
50976 54686 85
160079 192679 8
21867 188733 1
51314 121985 2
115045 155394 1
77470 155536 1
183193 196971 13
46238 122576 2
12393 58884 11
44926 161220 1
92006 135852 2
103061 105770 5
103771 195641 1
57452 122482 2
56778 123660 2
6788 144178 1
46233 148876 1
96589 121977 5
117086 171701 1
