1000 900
519 989 1
629 856 1
237 540 2
71 190 18
100 178 28
701 864 5
359 474 12
569 609 4
127 519 2
358 435 12
51 175 18
53 629 2
734 804 5
232 877 1
19 222 3
51 506 2
780 916 23
510 612 4
79 737 1
213 835 1
530 905 1
18 876 1
263 695 1
153 560 2
161 507 2
16 480 2
567 686 4
377 764 1
440 721 1
819 892 26
374 743 1
628 888 1
433 675 4
306 901 1
483 805 1
120 474 2
233 771 1
816 982 20
174 206 11
559 660 4
313 516 8
64 337 2
676 968 1
616 938 1
46 412 2
119 567 2
506 522 105
424 778 1
377 388 12
648 924 1
885 894 26
695 863 5
153 296 2
219 983 1
108 442 2
604 640 9
217 312 2
98 244 3
534 760 1
435 642 4
698 766 5
131 462 2
262 771 1
311 411 10
71 586 2
240 593 2
826 904 26
323 517 8
497 612 4
382 828 1
75 735 1
359 709 1
271 798 1
368 481 12
726 735 43
188 887 1
460 876 1
461 576 8
548 957 1
2 507 2
392 489 16
106 550 2
180 910 1
211 726 1
83 898 1
362 935 1
355 628 4
231 296 2
315 483 12
8 884 1
284 304 107
258 376 2
524 753 1
64 113 18
371 606 4
670 745 1
76 343 2
93 288 2
820 883 53
307 469 10
38 597 2
230 798 1
424 932 1
321 333 89
608 651 6
593 880 1
64 955 1
537 953 1
582 893 1
547 840 1
673 807 1
30 117 18
500 522 56
248 359 2
49 393 2
163 324 2
716 960 5
748 982 5
121 876 1
519 650 4
805 904 26
141 679 2
915 999 20
304 859 1
426 762 1
369 791 1
98 143 49
240 970 1
734 816 5
128 249 3
462 593 4
576 930 1
387 852 1
74 477 2
357 550 8
439 734 1
64 502 2
213 726 1
609 944 1
85 943 1
157 475 2
136 414 2
221 845 1
424 596 4
817 825 147
334 718 1
432 584 4
201 260 3
455 901 1
514 933 1
142 237 3
284 355 10
849 924 26
675 975 1
323 777 1
252 840 1
659 932 1
148 331 2
10 895 1
541 571 21
34 252 3
721 900 5
274 819 1
793 877 23
154 182 28
45 711 1
87 597 2
393 757 1
10 390 2
764 858 23
14 920 1
521 540 75
466 574 8
109 452 2
75 328 2
693 900 5
470 769 1
394 962 1
100 703 1
752 907 5
448 846 1
84 923 1
414 751 1
367 542 8
716 958 5
642 671 6
148 584 2
284 947 1
24 205 11
380 886 1
47 337 2
298 812 1
102 336 2
63 539 2
113 663 2
127 142 73
358 602 4
511 994 1
181 257 3
858 964 26
54 72 27
586 680 6
276 377 7
276 681 4
329 835 1
222 799 1
574 842 1
469 895 1
341 960 1
617 766 1
374 512 8
266 393 2
344 850 1
192 423 2
799 952 26
278 613 4
342 508 8
402 484 16
116 894 1
35 393 2
328 402 12
193 858 1
409 731 1
778 937 23
325 649 4
356 432 12
281 659 4
417 991 1
710 897 5
249 610 2
721 898 5
427 743 1
149 575 2
884 886 185
328 679 4
577 699 1
477 978 1
502 519 153
642 717 1
395 771 1
426 973 1
578 912 1
551 611 4
495 698 1
124 658 2
230 910 1
516 717 1
332 742 1
71 425 2
94 449 2
410 498 8
35 406 2
331 640 4
552 776 1
639 817 1
154 923 1
509 966 1
810 934 26
132 934 1
189 930 1
21 286 2
215 888 1
116 309 2
294 688 4
904 907 46
66 207 11
634 966 1
158 892 1
507 808 1
587 819 1
267 727 1
135 902 1
911 988 20
194 827 1
697 920 5
339 376 60
380 733 1
86 663 2
56 631 2
538 693 1
318 744 1
844 987 20
548 906 1
9 831 1
664 734 1
25 563 2
188 832 1
700 996 5
253 982 1
348 690 4
51 869 1
147 583 2
357 699 1
257 271 159
191 501 2
327 341 89
757 925 17
432 960 1
655 742 1
375 473 12
2 175 18
522 549 21
606 733 1
178 219 11
125 345 2
213 887 1
42 332 2
337 819 1
25 786 1
661 694 1
340 696 1
576 971 1
57 150 18
48 395 2
439 684 4
185 845 1
255 664 2
382 973 1
184 896 1
377 885 1
453 455 94
365 489 12
318 543 8
91 905 1
163 299 2
378 980 1
872 916 26
362 446 12
233 359 2
656 800 1
569 764 1
751 887 5
191 473 2
38 891 1
9 540 2
606 883 1
394 744 1
41 472 2
259 259 240
436 456 16
139 1000 1
804 890 26
69 722 1
454 604 4
488 525 8
462 474 150
324 355 66
101 680 2
884 986 20
216 674 2
419 919 1
40 426 2
7 956 1
224 532 2
475 923 1
108 472 2
11 842 1
564 738 1
23 304 2
218 244 3
71 953 1
853 861 220
188 639 2
395 786 1
151 649 2
50 899 1
203 353 2
800 826 147
275 457 7
77 328 2
364 983 1
335 699 1
195 202 11
27 848 1
634 926 1
241 652 2
615 977 1
276 685 4
499 876 1
135 450 2
185 987 1
206 606 2
178 270 3
170 722 1
531 599 4
679 683 40
564 573 45
802 938 26
328 871 1
54 503 2
19 496 2
275 1000 1
143 958 1
32 550 2
550 856 1
67 817 1
421 715 1
539 793 1
583 587 4
84 450 2
152 789 1
255 937 1
128 480 2
332 936 1
416 457 16
770 995 20
207 481 2
181 347 2
871 874 348
169 915 1
38 509 2
68 355 2
320 437 12
76 563 2
193 521 2
269 491 2
761 856 17
211 600 2
25 310 2
534 630 4
89 246 3
505 714 1
705 757 5
155 784 1
11 107 18
653 976 1
80 133 18
65 884 1
639 920 1
167 900 1
176 191 19
492 559 8
270 813 1
301 304 107
64 260 3
147 861 1
421 920 1
229 688 2
402 587 4
447 482 16
777 940 23
420 749 1
187 876 1
477 532 8
624 769 1
279 568 8
152 303 2
1 332 2
815 993 20
578 740 1
263 731 1
119 991 1
40 817 1
43 670 2
192 314 2
509 778 1
641 680 6
58 662 2
205 372 2
246 660 2
292 471 10
439 640 4
806 987 20
4 746 1
108 131 87
372 830 1
223 875 1
52 237 3
527 686 4
168 419 2
490 678 4
482 544 8
305 843 1
23 762 1
437 685 4
832 893 26
404 801 1
740 939 5
780 962 23
843 915 26
63 922 1
287 328 10
556 839 1
130 529 2
460 947 1
36 226 3
12 37 37
134 399 2
361 961 1
184 347 2
148 729 1
106 772 1
314 716 1
155 969 1
434 971 1
580 859 1
236 393 2
737 878 5
222 469 2
11 190 18
45 783 1
646 741 1
193 652 2
145 581 2
140 635 2
18 512 2
154 162 163
465 759 1
447 969 1
44 67 27
540 562 21
236 820 1
104 513 2
341 983 1
427 865 1
301 536 8
311 855 1
741 839 5
9 526 2
64 300 2
649 900 1
492 716 1
475 834 1
332 833 1
586 786 1
397 470 16
833 868 55
11 949 1
434 996 1
223 524 2
157 872 1
148 871 1
818 930 26
378 916 1
276 827 1
681 728 1
282 415 10
27 573 2
331 918 1
693 896 5
100 627 2
711 772 5
715 923 5
280 322 10
473 987 1
197 218 122
620 805 1
272 329 2
668 780 1
688 747 1
126 469 2
563 792 1
43 225 3
8 513 2
664 931 1
108 949 1
395 407 24
748 795 5
237 384 2
324 422 12
814 849 53
737 776 5
468 906 1
476 560 8
207 697 1
84 309 2
838 971 20
27 887 1
171 617 2
305 783 1
304 885 1
52 975 1
510 733 1
318 819 1
368 578 8
313 667 4
708 859 5
530 907 1
202 752 1
5 807 1
174 364 2
254 392 2
491 647 4
125 288 2
666 861 1
726 870 5
428 666 4
26 405 2
506 725 1
384 403 13
793 991 20
780 912 23
372 625 4
887 913 26
500 833 1
768 935 23
502 797 1
55 879 1
612 635 15
408 544 8
362 786 1
490 683 4
789 849 23
229 601 2
75 909 1
815 853 53
29 337 2
123 957 1
23 763 1
858 924 26
256 656 2
207 264 3
944 990 20
193 666 2
17 843 1
400 820 1
170 500 2
15 733 1
68 327 2
544 626 4
730 869 5
71 194 18
206 573 2
95 662 2
283 299 117
286 384 10
733 841 5
501 944 1
704 737 25
172 724 1
317 424 12
601 633 9
152 264 3
265 959 1
251 951 1
71 627 2
438 702 1
189 693 1
891 990 20
781 908 23
583 944 1
839 865 55
56 895 1
926 938 106
64 886 1
6 537 2
164 214 11
281 967 1
91 583 2
149 423 2
74 175 18
5 469 2
771 936 23
101 214 11
110 238 3
388 627 4
325 809 1
652 730 1
153 996 1
86 833 1
837 897 26
208 272 3
360 566 8
465 656 4
253 663 2
13 873 1
367 403 12
19 901 1
504 709 1
177 397 2
111 402 2
13 820 1
55 498 2
53 367 2
866 905 26
443 972 1
57 882 1
27 767 1
283 750 1
288 598 4
411 563 8
535 825 1
45 847 1
472 547 8
132 988 1
608 844 1
203 469 2
335 365 60
261 298 2
622 822 1
349 925 1
125 577 2
84 560 2
237 592 2
207 523 2
319 792 1
32 81 27
539 743 1
677 964 1
128 874 1
185 524 2
928 959 91
244 994 1
73 396 2
476 492 169
31 683 2
22 938 1
420 880 1
448 531 8
341 536 8
286 850 1
214 786 1
174 800 1
144 498 2
38 285 2
93 617 2
130 277 2
67 701 1
103 594 2
572 594 4
314 668 4
112 603 2
27 217 11
325 536 8
174 915 1
608 623 30
78 440 2
274 999 1
332 960 1
608 634 15
40 793 1
72 609 2
523 789 1
658 908 1
493 886 1
526 868 1
453 575 8
549 761 1
491 897 1
230 721 1
163 305 2
292 964 1
29 402 2
671 986 1
35 915 1
35 433 2
605 735 1
427 727 1
578 859 1
200 269 3
253 838 1
486 810 1
175 711 1
93 854 1
665 669 340
733 912 5
464 862 1
85 416 2
86 471 2
114 863 1
297 515 8
147 452 2
60 557 2
232 922 1
141 170 28
660 706 1
727 995 5
171 622 2
483 543 8
257 808 1
2 204 11
6 839 1
330 639 4
14 559 2
429 850 1
242 990 1
321 634 4
199 255 3
556 970 1
138 419 2
85 535 2
218 313 2
263 949 1
626 795 1
5 397 2
460 867 1
463 627 4
5 508 2
135 586 2
449 648 4
66 797 1
169 492 2
64 177 18
407 765 1
105 991 1
489 842 1
9 665 2
94 597 2
309 429 10
556 863 1
13 296 2
392 629 4
281 543 8
347 980 1
279 332 10
653 830 1
612 658 6
81 381 2
75 717 1
323 403 12
36 90 18
5 808 1
54 873 1
35 867 1
59 591 2
808 990 20
498 755 1
4 564 2
56 324 2
23 626 2
450 461 16
270 877 1
638 834 1
127 401 2
484 484 484
119 921 1
496 678 4
677 896 1
151 739 1
74 940 1
72 806 1
245 252 79
83 652 2
446 729 1
481 490 169
226 819 1
142 247 3
567 853 1
271 750 1
162 301 2
461 476 150
164 245 3
730 903 5
690 942 1
111 787 1
137 310 2
212 428 2
493 768 1
178 612 2
149 659 2
351 434 12
755 997 17
365 872 1
520 684 4
52 817 1
573 862 1
579 720 1
546 694 1
89 595 2
251 725 1
31 399 2
705 818 5
956 964 64
378 752 1
750 852 5
465 736 1
228 955 1
188 484 2
493 825 1
55 231 3
297 810 1
725 771 5
266 848 1
123 903 1
122 713 1
412 828 1
119 462 2
32 162 18
216 477 2
417 854 1
69 694 1
87 909 1
531 986 1
49 943 1
50 899 1
246 302 2
335 962 1
283 335 10
420 504 8
27 348 2
478 756 1
63 66 111
16 723 1
827 998 20
669 742 1
21 872 1
502 638 4
125 400 2
513 917 1
41 150 18
