1000 700
456 799 4
679 793 4
227 580 6
31 546 1
23 98 13
818 855 41
671 755 5
528 807 4
136 220 1
265 878 4
59 319 1
158 908 1
605 968 4
520 559 33
225 443 6
76 677 1
671 917 4
37 288 1
288 576 8
390 885 4
170 506 1
176 630 1
422 775 5
260 855 4
254 431 6
192 675 1
454 895 4
704 745 5
11 361 1
644 801 4
593 754 5
330 649 8
291 710 8
93 144 7
239 880 4
72 304 1
609 710 35
210 477 1
605 823 4
739 774 10
142 733 1
195 413 1
202 286 1
636 700 35
530 676 11
566 735 5
366 1000 2
5 645 1
428 785 4
795 799 16
720 768 5
277 392 6
214 459 1
381 669 8
304 439 14
648 744 5
493 985 2
260 526 6
29 117 13
354 519 8
113 970 1
531 628 11
34 861 1
245 364 6
702 980 2
148 150 3
270 995 2
480 949 4
460 627 8
919 981 2
185 278 1
4 887 1
579 993 2
229 885 4
247 873 4
342 578 8
10 124 7
311 900 4
312 817 4
415 682 8
808 859 41
560 974 4
18 499 1
312 599 8
901 904 21
236 937 4
575 696 11
743 919 4
495 731 5
102 248 1
200 982 1
202 769 1
718 917 4
484 508 8
296 626 8
404 632 8
166 644 1
306 722 8
168 978 1
108 276 1
320 582 8
80 86 52
207 467 1
346 377 14
207 992 1
85 339 1
58 983 1
197 917 1
13 901 1
420 665 8
204 801 1
129 913 1
89 509 1
285 314 134
65 768 1
589 862 4
201 261 1
76 768 1
372 590 8
9 635 1
151 241 1
80 255 1
178 864 1
430 897 4
449 800 4
830 860 41
36 223 1
153 673 1
204 599 1
720 958 4
40 635 1
627 805 4
442 857 4
443 534 8
451 623 8
278 746 5
527 979 2
472 662 8
461 762 5
328 871 4
609 809 4
104 682 1
248 965 4
130 569 1
433 512 8
155 825 1
332 491 14
542 711 11
520 815 4
54 943 1
27 516 1
595 619 11
41 99 13
159 654 1
694 759 5
215 581 1
31 826 1
394 723 8
162 423 1
756 912 4
746 836 4
107 464 1
20 752 1
774 946 4
480 791 4
11 771 1
399 956 4
206 763 1
100 389 1
337 357 14
113 745 1
238 967 4
695 813 4
83 743 1
147 711 1
245 557 6
29 607 1
220 535 6
89 482 1
245 346 6
667 695 38
230 816 4
173 743 1
40 222 1
241 817 4
684 895 4
276 546 6
209 669 1
742 841 4
283 775 5
199 866 1
372 526 8
416 998 2
401 653 8
57 171 3
662 983 2
773 999 2
692 768 5
257 305 6
89 477 1
72 427 1
566 758 5
83 93 52
30 835 1
176 686 1
208 544 1
855 877 77
79 822 1
672 882 4
361 780 4
63 776 1
160 825 1
122 188 3
571 970 4
204 976 1
165 303 1
554 591 12
317 703 8
90 995 1
434 885 4
455 835 4
291 380 14
492 993 2
360 443 36
103 690 1
241 306 6
915 953 59
271 852 4
394 409 36
64 998 1
369 384 42
768 837 4
65 658 1
288 452 14
181 293 1
14 108 13
148 510 1
503 1000 2
819 973 21
46 409 1
353 751 5
148 325 1
8 596 1
44 67 13
725 769 5
192 537 1
40 259 1
15 49 44
50 103 13
738 809 4
564 695 11
254 473 6
81 382 1
80 207 3
524 661 11
434 534 8
286 892 4
678 934 4
800 996 2
275 313 6
225 978 2
258 630 6
254 707 6
503 945 4
518 691 11
249 371 6
271 955 4
504 899 4
267 294 6
16 28 63
539 811 4
35 866 1
931 941 59
811 861 41
89 334 1
199 373 1
246 287 6
237 260 111
573 586 43
195 315 1
294 705 8
415 648 8
448 778 5
105 285 1
292 641 8
524 812 4
220 993 2
58 889 1
290 747 5
22 177 3
189 756 1
232 972 4
559 778 5
246 875 4
227 984 2
236 939 4
236 337 6
527 544 33
554 982 2
103 339 1
772 929 4
68 686 1
254 977 2
333 437 14
302 373 14
353 531 8
227 541 6
767 857 4
157 836 1
708 933 4
243 739 5
65 219 1
842 871 50
171 339 1
401 701 8
603 854 4
441 981 2
531 996 2
531 791 4
602 849 4
42 721 1
742 811 4
267 445 6
45 843 1
216 782 1
434 875 4
38 742 1
775 860 4
67 117 26
75 852 1
140 372 1
48 531 1
637 712 35
527 899 4
685 926 4
708 952 4
793 816 16
213 493 1
234 973 4
556 975 2
452 594 8
572 753 5
324 479 14
75 140 7
461 897 4
344 568 8
274 809 4
353 387 42
29 140 7
604 694 11
168 419 1
34 772 1
405 582 8
110 706 1
30 107 13
272 546 6
278 815 4
208 834 1
705 896 4
274 429 6
435 843 4
318 695 8
349 597 8
194 340 1
383 861 4
169 909 1
903 932 21
609 916 4
62 896 1
106 247 1
163 859 1
58 329 1
254 556 6
310 414 14
350 777 5
747 849 4
205 734 1
9 851 1
15 175 3
220 500 6
588 914 4
724 812 4
177 290 1
234 483 6
118 253 1
558 595 12
814 858 41
615 712 35
138 215 3
45 879 1
60 830 1
433 943 4
849 885 50
244 918 4
199 841 1
723 856 4
100 527 1
128 943 1
17 309 1
135 248 1
580 751 5
802 862 41
696 983 2
701 754 5
522 688 11
797 825 46
834 962 21
788 960 16
594 872 4
311 442 14
241 316 6
143 478 1
54 962 1
2 823 1
743 899 4
138 870 1
455 791 4
479 782 4
452 569 8
7 203 3
3 950 1
452 803 4
718 865 4
557 970 4
164 621 1
47 662 1
540 760 5
264 369 6
341 797 4
430 776 5
235 738 5
41 700 1
533 735 5
120 460 1
182 455 1
23 536 1
687 695 38
333 377 14
256 522 6
857 963 21
140 566 1
765 766 719
73 349 1
386 633 8
459 593 8
186 499 1
336 953 4
764 981 2
380 792 4
302 444 14
37 255 1
585 922 4
411 893 4
369 737 5
436 732 5
48 296 1
28 603 1
110 671 1
105 135 7
98 992 1
384 549 8
50 358 1
370 701 8
73 658 1
35 613 1
373 958 4
269 695 6
175 576 1
656 802 4
320 678 8
60 253 1
149 359 1
160 609 1
304 900 4
185 971 1
641 745 5
248 429 6
336 678 8
24 486 1
44 257 1
39 351 1
792 793 241
299 474 14
87 691 1
56 628 1
219 236 18
87 972 1
219 644 6
594 824 4
92 584 1
357 812 4
439 713 8
317 695 8
153 215 9
290 730 5
758 905 4
20 243 1
649 941 4
280 920 4
370 856 4
179 436 1
45 707 1
340 674 8
63 544 1
180 869 1
86 172 3
303 856 4
4 983 1
438 732 5
702 827 4
111 706 1
158 906 1
193 353 1
209 910 1
376 697 8
39 942 1
219 533 6
363 643 8
545 766 5
584 943 4
344 612 8
223 244 18
936 980 2
313 619 8
537 897 4
45 395 1
386 807 4
48 528 1
333 532 8
384 481 29
340 752 5
374 698 8
222 857 4
238 901 4
202 816 1
202 466 1
153 685 1
113 536 1
776 808 4
659 700 38
173 556 1
42 431 1
220 555 6
237 871 4
393 622 8
417 733 5
308 459 14
463 549 8
156 515 1
137 643 1
45 691 1
526 966 4
268 498 6
604 701 11
333 384 14
136 394 1
257 551 6
739 789 4
230 944 4
112 781 1
155 911 1
580 872 4
95 305 1
825 896 41
215 420 1
465 508 8
122 191 3
454 609 8
320 959 4
195 986 1
111 598 1
700 947 4
381 946 4
130 863 1
375 533 8
194 859 1
361 682 8
604 711 11
50 255 1
670 807 4
355 450 36
169 759 1
462 537 8
408 481 29
140 817 1
179 874 1
507 778 5
31 294 1
632 641 230
535 857 4
413 727 5
91 861 1
51 429 1
231 591 6
658 715 38
729 840 4
224 826 4
423 563 8
358 491 29
764 977 2
9 924 1
845 926 21
576 694 11
284 811 4
135 313 1
138 298 1
587 838 4
360 362 365
280 388 6
522 790 4
100 961 1
122 144 47
686 739 5
384 617 8
15 522 1
344 610 8
333 830 4
116 274 1
337 920 4
699 867 4
201 347 1
108 429 1
137 248 1
32 995 1
249 932 4
954 975 2
153 415 1
194 390 1
221 535 6
354 438 36
38 586 1
264 767 5
93 680 1
672 674 303
425 761 5
494 516 8
128 707 1
430 572 8
509 986 2
71 780 1
170 669 1
72 894 1
517 998 2
515 811 4
709 831 4
600 723 11
513 755 5
495 894 4
907 973 24
368 985 2
152 442 1
320 573 8
191 290 1
60 168 3
120 935 1
258 570 6
32 286 1
638 995 2
444 821 4
54 210 3
6 282 1
683 862 4
410 810 4
36 993 1
127 867 1
355 500 8
548 629 11
600 882 4
296 677 8
655 951 4
524 540 96
404 679 8
191 780 1
529 894 4
309 928 4
220 699 6
570 768 5
532 922 4
456 774 5
35 138 7
191 276 1
230 392 6
148 574 1
36 780 1
203 862 1
12 512 1
78 587 1
90 143 7
129 707 1
105 746 1
186 906 1
368 573 8
342 745 5
25 640 1
305 599 8
280 958 4
464 982 2
118 184 3
504 567 12
332 601 8
