1000 300
584 752 2
417 667 1
723 960 4
420 813 1
196 526 1
565 675 2
24 868 1
63 826 1
129 319 12
395 496 1
145 383 8
247 846 1
180 943 1
74 901 1
134 613 1
138 453 8
903 990 7
137 656 1
196 843 1
236 824 1
81 554 1
409 601 1
247 264 27
292 685 1
228 933 1
1 444 3
438 974 1
373 649 1
376 513 1
460 824 1
118 863 1
543 547 328
562 718 2
27 995 1
743 968 4
493 787 2
15 693 1
748 982 4
53 975 1
38 341 12
360 970 1
322 639 1
424 596 1
26 838 1
456 728 1
607 958 4
382 676 1
120 170 39
149 465 8
493 657 2
661 941 4
43 770 1
82 866 1
548 946 2
55 173 23
16 560 1
663 862 4
368 631 1
902 983 7
690 841 4
418 592 1
149 506 1
501 513 11
299 404 8
423 925 1
401 502 1
206 399 8
867 929 21
391 528 1
43 292 12
777 906 5
87 832 1
12 19 3
761 827 4
370 415 28
778 967 5
700 785 4
327 390 8
74 404 8
589 993 2
41 659 1
446 819 1
813 906 5
235 976 1
256 895 1
14 949 1
371 846 1
73 332 12
220 869 1
347 902 1
75 515 1
303 592 1
149 779 1
27 239 12
481 978 2
851 881 68
448 599 1
281 746 1
179 222 12
447 631 1
507 577 6
543 736 2
409 690 1
761 820 4
357 452 8
170 432 8
76 836 1
66 278 12
691 723 32
208 880 1
323 470 1
172 753 1
401 455 28
105 177 39
482 691 2
417 687 1
510 999 2
294 668 1
638 694 31
561 591 112
13 820 1
61 766 1
123 381 8
758 799 4
790 939 5
553 763 2
127 680 1
354 527 1
11 69 3
69 258 12
299 490 1
172 860 1
770 842 4
256 529 1
326 473 1
343 905 1
51 792 1
160 213 12
66 133 23
630 730 13
303 393 8
143 880 1
13 666 1
366 937 1
125 553 1
187 259 12
133 988 1
80 971 1
388 861 1
12 966 1
364 611 1
180 671 1
220 259 27
324 739 1
539 681 2
478 729 2
815 932 5
61 876 1
523 995 2
157 967 1
425 850 1
143 973 1
124 969 1
1 754 1
804 848 5
169 357 12
160 411 8
906 943 9
552 608 2
260 274 25
353 772 1
355 647 1
303 709 1
693 855 4
105 607 1
647 677 31
330 730 1
118 766 1
264 435 8
464 850 1
414 585 1
723 835 4
871 932 9
122 153 66
186 531 1
466 567 1
364 793 1
23 865 1
412 874 1
45 658 1
45 972 1
439 948 1
73 91 218
224 926 1
503 822 2
327 945 1
183 558 1
33 81 58
355 532 1
624 646 13
281 582 1
295 610 1
292 489 1
196 380 8
798 868 5
561 788 2
262 892 1
6 880 1
370 541 1
451 782 1
590 813 2
575 635 2
569 752 2
847 991 7
292 430 8
239 268 27
752 868 4
265 585 1
226 353 22
41 306 12
523 775 2
99 336 12
15 151 23
240 799 1
191 951 1
708 847 4
358 784 1
117 479 1
75 846 1
82 500 1
11 335 3
241 689 1
88 170 23
349 859 1
674 691 31
513 823 2
80 561 1
352 449 8
120 139 53
499 763 2
145 960 1
718 736 17
436 938 1
375 801 1
102 503 1
334 647 1
143 517 1
766 917 4
568 899 2
678 970 4
771 908 5
339 994 1
415 655 1
274 950 1
360 548 1
287 625 1
859 994 7
547 975 2
343 530 1
319 692 1
505 577 6
240 330 22
348 826 1
386 841 1
117 158 39
225 962 1
8 999 1
115 972 1
31 916 1
466 758 1
160 964 1
708 852 4
227 447 8
25 795 1
609 719 13
424 822 1
45 603 1
667 776 4
111 499 1
335 421 8
552 891 2
229 912 1
443 782 1
708 737 10
519 969 2
89 228 12
265 631 1
239 322 22
450 513 1
15 738 1
328 783 1
34 170 23
455 885 1
37 556 1
779 862 5
192 879 1
206 530 1
814 921 5
68 132 23
338 729 1
