1000 1000
201 742 2
576 801 7
9 690 2
21 41 61
797 841 1
358 912 1
569 941 1
269 844 1
619 968 1
220 697 2
31 48 105
207 836 1
343 449 4
699 911 1
380 509 3
258 951 1
37 213 12
3 428 4
266 930 1
455 555 2
679 759 16
3 539 2
28 510 3
239 927 1
404 935 1
481 780 2
711 973 1
70 773 2
728 974 1
560 633 18
176 425 4
497 946 1
504 877 1
516 528 2
341 921 1
117 852 1
412 988 1
83 821 2
284 286 19
40 430 4
262 304 5
567 884 1
229 960 1
108 668 2
51 244 12
36 944 1
364 804 2
81 800 2
104 429 4
546 831 1
653 902 1
260 383 5
216 479 3
225 425 4
745 968 1
369 834 1
646 693 22
203 263 24
303 948 1
57 790 2
605 757 16
414 916 1
43 356 5
270 721 2
355 718 2
712 780 7
256 654 2
1 313 5
217 433 4
337 510 3
538 895 1
793 827 29
696 722 66
3 183 12
688 823 7
289 710 2
559 891 1
453 469 58
551 982 1
582 945 1
588 949 1
344 416 4
398 460 15
156 194 12
114 731 2
565 880 1
633 890 1
26 729 2
167 447 4
238 820 2
139 603 2
107 642 2
29 677 2
478 631 2
360 501 3
158 251 12
772 981 1
606 639 18
465 529 2
335 877 1
22 659 2
284 658 2
244 934 1
857 957 9
35 439 4
367 720 2
315 580 2
928 978 11
12 104 30
136 308 5
108 722 2
149 178 12
266 941 1
318 858 1
765 787 7
237 971 1
540 880 1
888 971 9
2 853 1
228 785 2
641 796 7
378 821 2
225 568 2
118 725 2
231 731 2
447 792 2
243 747 2
594 678 18
327 625 2
831 882 21
629 928 1
266 625 2
383 838 1
477 789 2
254 786 2
1 389 4
598 794 7
169 445 4
173 925 1
23 434 4
507 909 1
433 742 2
542 645 18
147 756 2
410 595 2
240 857 1
362 648 2
97 260 12
269 540 2
420 713 2
581 889 1
478 706 2
711 887 1
322 353 20
923 961 11
612 628 18
41 791 2
347 918 1
255 994 1
278 386 4
739 780 7
110 983 1
275 441 4
220 514 3
561 875 1
374 797 2
371 506 3
77 102 74
84 973 1
425 928 1
39 944 1
17 508 3
38 590 2
369 801 2
231 635 2
488 927 1
266 959 1
90 554 2
175 343 5
205 797 2
196 860 1
278 813 2
367 971 1
615 995 1
241 753 2
205 712 2
167 545 2
10 75 30
216 841 1
230 451 4
225 685 2
54 544 2
715 922 1
60 78 41
906 971 10
420 945 1
152 694 2
90 203 12
647 740 22
74 999 1
63 438 4
134 608 2
123 309 5
413 626 2
26 352 5
293 705 2
438 495 3
608 759 16
643 775 7
110 434 4
711 978 1
705 806 7
307 704 2
367 582 2
249 781 2
197 895 1
167 459 4
446 602 2
204 705 2
110 311 5
142 284 12
42 378 5
425 598 2
574 605 26
183 569 2
275 482 3
438 971 1
540 810 7
353 999 1
134 995 1
129 246 12
317 474 3
244 248 83
678 981 1
322 906 1
215 946 1
177 847 1
55 216 12
487 633 2
164 823 2
88 778 2
580 745 18
305 711 2
791 970 1
586 594 47
91 518 3
252 558 2
353 601 2
633 917 1
702 774 7
93 496 3
3 635 2
215 476 3
68 956 1
702 943 1
618 905 1
63 757 2
110 469 4
42 883 1
445 874 1
250 749 2
516 593 2
128 477 3
80 281 12
284 305 5
8 311 5
788 981 1
224 296 19
848 849 360
129 918 1
131 392 4
241 468 4
484 897 1
155 383 5
134 877 1
303 368 5
356 457 4
260 483 3
339 832 1
103 348 5
215 967 1
594 599 40
49 660 2
168 769 2
145 149 60
476 741 2
201 622 2
46 111 30
772 838 1
56 194 12
740 943 1
145 163 56
303 306 5
682 785 7
46 351 5
278 461 4
479 959 1
192 291 19
380 984 1
7 391 4
100 214 12
423 831 1
502 828 1
37 256 12
183 291 17
452 839 1
185 270 17
577 742 18
514 935 1
190 253 17
249 362 5
654 898 1
160 562 2
147 447 4
462 962 1
81 452 4
243 774 2
74 220 12
227 254 34
24 160 13
106 909 1
219 649 2
269 568 2
192 439 4
15 795 2
455 473 58
547 809 7
423 749 2
249 264 24
484 541 2
176 754 2
634 684 22
373 628 2
251 898 1
371 858 1
503 820 2
270 944 1
115 906 1
424 1000 1
858 895 51
530 702 18
178 467 4
365 464 4
501 599 2
511 844 1
167 239 17
530 602 26
251 387 4
703 877 1
602 783 7
326 925 1
823 995 1
296 727 2
623 757 16
321 648 2
347 920 1
51 238 12
356 384 4
378 380 94
41 630 2
171 650 2
400 896 1
145 679 2
351 954 1
208 331 5
77 327 5
695 965 1
138 748 2
81 332 5
462 606 2
535 620 18
384 642 2
615 981 1
119 945 1
595 723 18
60 586 2
62 358 5
247 354 5
165 556 2
76 704 2
199 472 4
399 556 2
204 324 5
522 952 1
167 795 2
29 376 5
605 606 309
149 462 4
431 964 1
381 389 4
496 892 1
586 757 16
586 949 1
526 835 1
517 945 1
82 772 2
532 781 7
286 693 2
450 816 2
324 747 2
126 422 4
202 335 5
645 912 1
185 548 2
292 635 2
380 489 3
161 357 5
742 760 16
235 458 4
874 924 9
550 996 1
31 521 3
402 820 2
26 847 1
238 523 3
15 623 2
665 999 1
656 746 16
227 348 5
853 950 9
55 741 2
643 653 45
743 900 1
145 443 4
409 539 2
178 826 2
330 456 4
629 720 22
285 699 2
267 455 4
301 762 2
421 718 2
565 692 18
443 471 31
152 648 2
567 726 18
63 626 2
14 941 1
34 581 2
388 640 2
45 618 2
112 537 2
426 952 1
240 277 24
387 554 2
370 651 2
150 171 12
407 858 1
704 833 1
495 657 2
305 535 2
5 670 2
530 828 1
212 771 2
159 805 2
88 382 5
818 830 1
289 488 3
1 607 2
500 645 2
190 950 1
784 920 1
172 820 2
333 652 2
525 845 1
142 205 12
202 568 2
865 999 8
3 682 2
43 478 3
702 941 1
104 442 4
655 868 1
154 668 2
864 993 8
594 804 7
246 915 1
165 248 12
363 540 2
232 673 2
640 959 1
109 664 2
123 794 2
39 519 3
87 321 5
38 323 5
158 849 1
14 85 30
3 533 2
443 532 2
242 445 4
323 564 2
357 582 2
641 718 22
594 828 1
403 963 1
16 921 1
772 975 1
308 732 2
431 797 2
565 792 7
96 962 1
600 818 7
76 891 1
632 799 7
806 863 1
224 894 1
266 350 5
190 939 1
61 125 41
148 679 2
65 498 3
311 534 2
93 567 2
307 512 3
166 208 17
62 586 2
334 858 1
598 781 7
644 893 1
378 648 2
29 576 2
4 499 3
460 671 2
350 545 2
132 191 12
280 431 4
317 918 1
639 845 1
155 161 56
516 529 2
363 694 2
161 481 3
518 815 2
581 735 18
25 223 12
106 569 2
55 125 30
28 802 2
95 224 12
729 798 7
91 628 2
425 651 2
67 490 3
34 952 1
467 653 2
301 488 3
59 236 12
706 921 1
705 981 1
312 471 4
366 849 1
43 783 2
239 477 3
21 779 2
741 804 7
455 945 1
547 862 1
302 739 2
250 914 1
213 666 2
99 123 63
838 934 9
250 908 1
145 872 1
96 262 12
170 679 2
580 888 1
27 450 4
310 450 4
112 666 2
7 584 2
817 984 1
358 995 1
206 693 2
525 713 2
350 690 2
671 873 1
339 786 2
814 857 1
565 990 1
405 453 31
523 682 2
59 772 2
66 477 3
83 231 12
468 770 2
277 814 2
433 740 2
355 728 2
459 654 2
672 758 16
819 836 1
142 669 2
195 948 1
371 694 2
102 644 2
142 955 1
486 828 1
696 731 66
18 525 3
276 321 5
256 859 1
153 874 1
526 641 2
574 955 1
666 867 1
455 851 1
188 631 2
453 930 1
222 483 3
283 749 2
320 513 3
14 248 12
151 822 2
331 994 1
333 440 4
865 915 9
255 849 1
343 842 1
545 850 1
585 641 18
590 777 7
828 879 1
202 315 5
754 810 7
298 863 1
18 90 30
201 538 2
384 684 2
241 819 2
194 980 1
129 988 1
320 523 3
35 348 5
27 189 12
795 812 29
628 999 1
470 915 1
709 748 16
368 475 3
73 628 2
365 733 2
397 701 2
310 530 2
471 887 1
234 253 34
335 522 3
248 529 2
575 767 16
10 326 5
810 869 1
130 600 2
236 714 2
553 630 18
327 816 2
141 262 12
56 635 2
714 976 1
403 776 2
240 516 3
15 911 1
217 274 24
673 898 1
39 571 2
440 986 1
805 921 1
350 838 1
119 739 2
367 763 2
181 852 1
84 444 4
190 662 2
119 921 1
717 726 164
759 828 1
135 627 2
125 470 4
13 512 3
606 648 18
261 655 2
472 785 2
392 600 2
240 666 2
841 882 21
272 292 19
542 878 1
169 173 167
729 962 1
48 279 12
122 172 12
641 699 22
259 435 4
588 761 16
476 727 2
184 788 2
700 872 1
648 879 1
95 467 4
51 658 2
43 320 5
753 780 7
694 881 1
278 464 4
50 884 1
16 966 1
106 450 4
164 644 2
346 888 1
459 696 2
163 827 2
352 843 1
688 886 1
399 807 2
380 984 1
139 908 1
620 935 1
419 467 31
2 369 5
523 836 1
740 987 1
86 705 2
198 467 4
239 728 2
90 459 4
15 512 3
158 161 56
344 870 1
181 215 17
57 263 12
425 590 2
833 899 21
203 470 4
127 818 2
302 507 3
371 805 2
355 750 2
211 843 1
910 919 262
100 203 12
486 695 2
68 503 3
678 753 16
111 900 1
557 862 1
302 408 4
385 945 1
309 508 3
482 583 2
74 825 2
12 948 1
337 360 20
131 509 3
348 777 2
510 740 2
134 191 12
114 769 2
556 868 1
589 739 18
371 456 4
124 506 3
433 444 84
573 649 18
5 719 2
477 978 1
255 770 2
452 569 2
115 931 1
174 221 17
132 905 1
175 412 4
142 362 5
56 444 4
76 893 1
153 935 1
119 304 5
208 605 2
240 756 2
762 880 1
44 495 3
42 474 3
230 891 1
247 570 2
460 685 2
65 155 13
739 992 1
242 617 2
98 151 13
309 986 1
482 685 2
359 499 3
208 750 2
42 430 4
206 759 2
48 689 2
36 780 2
681 730 66
636 852 1
291 413 4
563 869 1
583 605 26
233 728 2
222 685 2
415 604 2
443 487 3
236 315 5
77 279 12
210 609 2
792 850 1
632 638 182
694 766 16
574 958 1
341 848 1
67 452 4
215 399 4
636 711 22
487 646 2
793 926 1
137 215 12
286 292 19
392 577 2
89 628 2
548 787 7
284 714 2
922 955 11
517 557 2
200 293 19
160 609 2
297 841 1
616 959 1
185 800 2
886 893 173
162 272 12
76 801 2
150 637 2
4 93 30
51 271 12
558 565 37
22 710 2
11 121 30
210 532 2
435 675 2
307 431 4
311 620 2
332 435 4
121 829 1
238 576 2
559 714 18
835 987 9
132 232 12
141 590 2
135 656 2
47 724 2
60 123 41
568 833 1
472 566 2
719 798 7
143 269 12
354 592 2
63 69 80
321 815 2
163 951 1
756 820 7
83 300 12
24 816 2
560 588 47
4 983 1
428 475 3
323 582 2
37 144 13
763 849 1
395 448 15
108 220 12
845 976 9
615 806 7
455 836 1
856 980 9
832 843 68
318 655 2
609 974 1
143 281 12
504 630 2
316 502 3
351 784 2
156 267 12
403 535 2
217 225 181
14 891 1
815 925 1
267 971 1
638 684 22
658 949 1
334 622 2
692 855 1
32 743 2
391 562 2
457 946 1
190 524 3
608 696 18
105 783 2
228 667 2
429 538 2
195 835 1
361 746 2
398 546 2
163 574 2
729 824 7
18 393 4
388 473 15
590 738 18
527 660 2
591 969 1
588 608 26
419 902 1
640 680 22
593 851 1
510 996 1
200 309 5
357 357 756
319 518 3
16 713 2
345 414 4
371 535 2
554 608 26
193 403 4
524 987 1
9 370 5
188 398 4
142 932 1
219 479 3
745 904 1
16 290 12
266 386 4
619 937 1
284 450 4
87 608 2
690 930 1
400 896 1
454 776 2
225 475 3
97 842 1
608 925 1
226 980 1
616 741 18
382 704 2
327 982 1
315 974 1
381 684 2
184 548 2
306 400 4
259 400 4
290 928 1
369 371 896
347 958 1
290 936 1
575 765 16
292 682 2
24 275 12
191 611 2
863 885 51
624 999 1
70 347 5
685 833 1
686 978 1
481 995 1
592 665 18
169 630 2
225 750 2
429 765 2
321 548 2
644 829 1
188 685 2
796 797 49
84 747 2
226 587 2
655 932 1
221 585 2
432 444 84
572 771 7
427 911 1
98 534 2
334 811 2
362 577 2
71 136 41
157 995 1
345 377 32
111 689 2
538 553 27
378 843 1
938 991 8
475 556 2
507 754 2
115 458 4
10 770 2
164 829 1
570 933 1
234 937 1
308 503 3
165 336 5
773 964 1
