1000 700
440 628 886
313 872 598
375 766 550
161 361 453
268 626 815
385 838 739
35 765 636
59 741 212
649 655 988
244 946 672
585 911 94
784 859 855
306 453 745
298 737 12
564 782 584
222 396 230
805 911 596
59 263 872
180 905 392
47 291 283
503 841 615
300 944 550
84 105 428
428 498 597
253 712 736
111 573 204
271 930 657
522 595 761
587 809 327
71 628 344
245 983 816
275 790 935
74 873 520
393 900 44
323 439 82
66 388 700
660 674 931
445 507 8
161 165 786
757 859 291
556 627 133
21 552 89
39 277 572
687 746 573
282 407 625
657 921 325
150 836 219
153 245 856
13 783 256
1 73 427
390 893 730
370 902 449
65 975 641
90 838 278
370 596 615
163 430 719
494 557 774
667 772 985
13 301 5
546 550 193
294 363 491
157 363 863
409 939 968
609 991 971
270 441 42
48 294 855
572 988 167
279 666 913
418 635 802
88 473 403
695 972 882
32 667 804
495 672 202
308 948 764
601 605 47
836 937 239
21 710 900
32 998 335
188 497 740
510 833 137
313 769 383
865 910 718
108 813 342
251 807 242
750 976 668
632 996 284
755 935 602
585 597 292
212 864 928
882 987 281
288 702 834
234 700 508
495 1000 302
294 441 393
213 266 539
458 839 308
612 726 250
60 573 668
37 866 747
277 893 153
387 651 985
324 709 306
583 931 613
83 642 532
85 399 193
610 716 504
199 324 414
297 388 647
566 710 354
305 895 600
74 807 956
407 782 510
686 757 709
628 799 851
353 452 158
798 937 236
616 703 554
368 690 62
365 538 914
507 593 942
433 699 456
112 202 90
135 824 163
284 725 219
820 957 258
518 633 776
814 853 220
57 792 834
372 618 785
737 824 739
117 537 54
276 602 151
666 832 374
606 741 805
48 767 914
583 677 316
424 846 932
212 342 999
926 962 971
186 941 331
63 483 649
17 791 756
97 584 832
637 647 479
26 221 415
400 750 207
124 347 743
455 950 997
780 985 169
332 604 862
285 595 323
236 311 896
755 941 847
21 288 455
108 147 300
113 998 565
657 924 299
512 710 181
691 719 364
698 808 462
119 231 613
526 625 415
454 589 706
39 725 382
17 815 568
148 428 813
501 990 911
215 477 983
659 852 173
204 444 353
53 714 564
633 867 778
414 984 456
232 705 178
629 998 500
417 442 593
93 950 64
393 902 263
653 908 137
492 665 856
472 855 220
225 720 401
245 509 414
275 745 918
75 209 180
364 979 19
213 359 564
320 805 393
123 824 748
282 653 853
642 971 798
691 899 561
69 701 382
207 947 390
14 768 199
419 496 382
366 931 682
243 997 126
126 631 302
313 352 773
516 646 860
74 265 113
2 140 66
718 816 765
16 508 532
362 845 466
11 975 434
67 528 676
220 898 912
422 483 190
89 564 273
158 305 873
203 811 316
237 451 352
333 821 807
154 313 393
456 968 951
504 864 287
651 775 774
436 447 687
125 253 596
644 880 831
484 630 864
362 477 181
314 642 974
625 997 996
464 545 940
666 805 885
241 800 491
572 998 666
154 626 720
430 847 742
586 601 375
133 602 239
158 429 736
261 321 99
245 973 200
689 856 595
118 774 108
848 990 246
673 700 835
245 758 176
589 968 744
297 952 55
198 617 846
601 653 235
545 683 545
606 754 933
131 232 322
559 621 709
150 711 160
47 500 881
79 521 352
292 826 680
77 883 242
238 869 755
602 728 493
601 763 276
464 631 574
213 625 813
700 895 671
712 941 404
424 957 769
52 714 158
447 519 490
570 902 953
832 898 297
1 408 753
320 413 263
198 227 444
34 379 514
971 980 191
51 118 135
227 807 160
835 882 106
260 772 999
363 477 611
135 858 199
125 798 287
211 634 698
270 907 851
376 575 166
235 463 822
61 252 724
51 854 371
760 909 18
778 892 349
288 292 363
190 864 520
22 589 399
276 399 342
63 371 903
108 121 691
572 712 907
182 638 151
509 782 297
342 569 717
216 823 321
335 772 904
194 450 88
12 554 768
2 978 466
475 851 977
439 551 900
466 667 315
396 653 400
124 624 897
407 992 936
122 153 845
98 527 372
355 370 323
33 972 467
201 328 527
568 964 248
465 475 916
96 275 1000
173 517 221
699 970 794
121 366 907
46 705 741
399 516 991
72 573 309
336 868 461
44 978 47
711 863 670
197 821 542
212 569 570
372 949 789
413 592 162
70 516 586
730 957 163
914 992 165
108 180 594
122 841 949
357 916 275
245 979 533
126 745 95
558 809 431
576 722 679
432 712 360
491 588 510
369 712 213
694 822 369
342 620 874
156 481 415
508 698 44
93 710 501
348 483 492
417 805 609
65 70 736
228 782 679
645 813 906
324 569 58
793 855 48
252 389 191
60 781 578
382 686 283
116 550 938
876 876 122
632 757 820
2 638 293
185 626 226
82 436 2
96 168 160
181 949 600
148 462 89
465 847 186
13 420 846
96 292 48
744 979 242
130 418 207
684 855 712
265 987 266
327 961 908
837 887 702
257 355 785
375 973 419
354 562 713
226 878 332
400 487 415
82 935 786
327 408 375
60 953 302
242 533 690
738 927 480
128 596 402
854 872 828
115 749 500
190 277 53
467 540 601
11 790 766
116 516 408
236 425 111
34 655 581
830 995 953
121 522 887
176 821 218
533 772 277
160 837 316
72 397 600
504 995 56
3 892 959
738 908 358
845 892 950
558 685 553
42 886 340
107 776 827
662 741 80
460 975 127
333 540 120
149 914 346
208 984 13
41 468 884
300 965 820
367 440 329
331 746 257
130 403 91
606 658 752
128 232 702
49 898 271
485 953 690
553 965 698
181 766 552
541 945 133
779 881 11
334 939 873
269 850 43
76 740 570
315 926 218
271 968 725
147 159 484
404 791 269
291 643 665
221 565 624
572 751 693
27 187 836
157 457 315
808 872 491
304 668 596
191 583 632
493 518 772
204 997 522
623 902 854
305 346 831
534 724 942
186 984 946
938 985 286
613 871 357
525 558 308
301 583 892
409 481 514
550 884 655
150 696 294
66 376 327
468 789 459
258 573 257
347 928 977
721 843 182
558 906 356
8 741 471
563 732 925
707 726 807
284 665 226
83 584 729
110 117 722
34 646 748
652 793 419
779 981 249
470 491 27
66 507 113
464 719 25
691 843 278
250 744 607
458 894 213
631 956 694
220 898 66
187 681 330
696 870 762
593 970 611
347 838 863
401 463 289
756 950 50
341 606 848
236 610 978
369 981 967
314 488 142
202 484 567
809 947 898
355 924 465
27 367 872
329 549 987
597 831 517
209 649 522
489 619 43
621 766 306
231 552 659
434 552 711
205 413 432
164 926 650
7 428 238
98 222 234
734 933 679
34 929 277
311 707 489
484 929 600
87 725 909
690 992 51
922 930 396
151 758 98
422 490 300
698 807 40
378 697 860
142 894 120
876 975 629
9 299 69
167 767 750
558 813 707
286 456 268
584 870 892
105 527 805
428 729 939
162 307 252
160 641 411
147 683 722
380 519 107
384 703 2
784 848 545
761 770 888
68 511 274
4 735 825
62 94 284
423 715 831
171 918 310
258 523 383
356 508 360
351 840 743
903 976 872
140 405 28
187 376 412
106 747 742
465 607 121
417 715 687
359 591 816
355 721 497
381 495 390
74 787 852
682 833 320
279 640 761
504 549 413
375 384 904
477 733 275
133 438 556
24 423 979
373 420 497
531 540 144
358 723 374
832 857 621
177 271 855
956 986 226
239 952 204
639 677 367
546 684 104
316 822 634
9 919 505
21 602 559
159 762 62
654 907 455
439 533 276
377 734 471
63 466 749
57 945 875
249 959 947
25 697 352
208 430 28
263 796 46
169 710 254
393 729 748
120 887 5
67 145 2
84 450 685
720 810 918
127 484 954
246 988 367
625 713 23
226 488 814
643 657 33
357 486 265
213 628 86
681 781 996
404 775 806
774 840 754
435 526 755
17 161 217
571 839 860
792 980 951
520 695 719
694 842 777
400 449 295
391 714 52
496 992 577
135 388 157
67 277 72
165 265 784
461 464 379
5 27 654
275 416 76
314 876 812
252 713 484
137 658 855
207 407 304
190 751 549
137 174 607
213 733 604
353 675 191
60 839 271
266 738 246
667 772 644
459 945 557
285 390 784
337 360 262
71 763 657
936 992 324
1 932 844
159 274 487
183 266 810
127 320 97
313 840 818
692 995 941
270 838 651
763 858 205
49 329 524
153 843 424
402 970 26
632 882 858
561 720 624
13 922 612
616 689 505
601 877 236
191 711 214
517 854 643
637 831 44
320 518 106
653 827 993
160 259 198
573 659 591
106 424 639
182 594 364
635 973 341
450 577 860
369 912 661
241 336 972
563 722 272
556 714 425
452 814 353
710 871 817
142 175 91
664 804 103
543 675 405
89 106 775
958 959 992
179 806 62
805 957 919
672 776 30
535 785 208
211 419 296
396 528 456
252 352 616
351 641 733
101 251 145
265 816 423
135 379 69
21 867 514
503 760 194
324 747 81
55 283 301
708 825 584
170 485 831
196 536 689
149 925 886
204 420 451
526 634 121
284 993 972
120 809 184
4 549 699
940 996 612
555 806 927
431 620 155
7 423 401
23 591 854
136 763 116
298 439 565
642 760 458
123 588 314
891 985 735
7 554 382
21 144 582
4 459 545
834 923 969
737 998 684
186 279 761
