1000 50
550 934 4
478 996 4
12 464 1
350 569 2
64 186 1
93 752 1
632 946 4
343 978 2
503 715 4
201 407 3
587 753 4
611 613 92
189 678 2
49 524 1
335 820 2
613 980 4
412 504 2
201 349 7
10 101 15
178 275 10
110 507 1
132 206 1
215 328 7
261 370 3
901 920 154
234 603 2
799 970 5
292 591 2
142 398 3
642 957 5
880 918 52
599 993 4
283 868 2
157 476 2
166 293 10
236 681 2
585 941 4
610 923 4
150 462 3
229 997 2
639 974 5
736 819 40
239 898 2
321 707 2
550 958 4
531 639 4
546 830 4
235 833 2
80 895 1
140 413 3
