1000 50
254 802 147
354 493 843
53 570 778
153 787 801
326 810 304
624 964 739
12 906 306
115 715 660
273 749 174
856 872 565
104 911 785
174 831 556
305 737 924
482 542 620
344 764 661
240 580 462
343 906 592
504 962 994
96 435 827
59 827 940
449 699 731
58 320 51
896 917 712
449 516 282
276 411 870
263 338 597
307 637 232
659 771 184
345 680 572
643 763 909
403 679 149
738 870 707
557 604 62
269 306 514
605 679 540
22 736 622
115 936 184
524 709 210
95 589 239
232 816 62
41 996 985
527 755 805
368 860 102
383 908 797
1 741 321
753 977 240
642 825 941
83 431 404
268 984 748
196 750 486
