1000 200
431 557 754
570 641 149
711 715 654
714 978 361
513 520 518
306 595 461
73 910 828
226 967 150
667 758 236
604 801 380
317 951 853
760 841 76
381 517 124
42 260 380
269 633 191
147 796 297
343 770 929
691 853 968
683 996 730
220 809 469
800 884 360
114 529 945
5 499 436
10 201 897
375 438 363
431 703 66
642 942 117
677 837 764
84 907 882
227 660 909
336 385 40
664 902 245
80 647 849
128 279 571
338 437 192
414 494 563
501 872 138
172 844 305
438 739 546
206 610 823
732 792 598
261 398 446
66 183 649
218 411 341
25 756 16
788 835 48
36 115 129
663 706 182
426 966 592
361 955 65
327 360 721
433 705 10
915 961 496
344 811 19
594 719 82
451 951 314
316 441 317
373 965 966
103 274 994
462 896 486
355 676 553
61 267 814
824 840 374
129 551 142
80 827 900
412 521 589
370 483 855
466 989 574
789 941 450
520 723 893
166 676 666
544 586 301
421 618 155
147 272 630
203 492 200
887 907 963
269 858 607
238 730 519
703 969 442
626 939 838
40 265 387
166 395 923
234 593 220
345 434 225
363 649 639
109 519 78
236 655 705
495 743 225
251 467 206
236 286 486
165 197 58
406 779 932
353 935 459
99 156 450
42 707 804
26 511 261
912 915 921
75 261 54
338 341 649
582 769 295
6 183 754
439 913 654
335 374 304
260 650 674
74 667 991
454 806 461
408 553 187
121 931 931
574 637 446
257 906 821
121 284 650
107 965 894
65 640 413
299 934 964
55 93 186
632 896 35
530 612 896
283 432 706
103 381 36
264 780 397
523 593 645
801 902 956
273 728 940
248 753 29
381 884 344
57 740 33
667 827 768
64 309 243
127 450 505
737 864 159
321 565 484
7 679 378
174 936 888
269 861 570
323 704 394
398 577 794
408 583 459
507 983 232
341 486 401
462 962 253
194 375 560
109 169 74
263 892 684
227 791 608
305 402 93
29 928 295
133 859 993
366 776 311
8 676 747
101 479 637
203 789 106
118 228 370
185 825 420
523 926 626
275 695 985
848 945 908
307 372 894
28 854 780
625 931 313
786 892 659
40 121 316
347 749 291
254 959 616
289 613 324
170 827 334
227 891 767
644 875 609
92 886 335
34 76 820
285 938 218
347 591 811
210 891 555
58 728 852
154 405 420
37 363 978
205 492 537
87 207 206
445 559 534
42 168 30
348 821 105
171 602 213
150 822 781
100 452 221
466 737 567
390 711 343
684 927 944
615 972 328
194 261 881
922 1000 489
858 884 146
775 816 990
542 914 198
544 923 869
798 840 772
712 734 533
101 294 244
29 953 305
289 965 445
457 535 451
817 821 334
