1000 100
152 886 1
249 711 1
374 582 3
377 866 1
684 989 1
696 917 2
152 601 3
207 481 3
416 822 1
468 850 1
26 311 5
238 622 3
882 909 4
178 243 10
395 480 3
535 667 20
594 731 1
390 668 3
620 764 1
646 720 1
230 971 1
571 978 1
377 937 1
155 396 10
633 833 1
486 585 15
358 404 66
11 140 5
230 508 3
623 745 1
594 956 1
659 748 1
78 545 3
943 959 8
201 972 1
43 392 5
377 970 1
88 776 1
725 753 7
317 729 1
860 933 4
402 631 3
360 657 3
321 998 1
672 907 1
111 316 6
314 629 3
303 876 1
210 899 1
649 677 51
102 548 3
706 989 2
651 730 1
253 351 23
989 997 39
460 585 15
641 838 1
23 552 3
70 76 25
108 383 6
545 591 20
203 500 3
292 795 1
32 392 5
80 607 3
787 934 2
203 715 1
721 973 2
220 446 10
222 496 3
44 953 1
489 811 1
567 921 1
74 963 1
146 832 1
308 968 1
81 594 3
484 915 1
146 820 1
405 812 1
259 980 1
781 865 2
264 283 23
460 489 29
316 495 3
62 64 49
131 299 6
198 720 1
404 585 3
304 479 3
57 340 5
43 898 1
228 945 1
260 835 1
353 884 1
32 327 5
611 735 1
133 745 1
20 945 1
93 329 6
