1000 900
722 794 237
228 297 316
387 892 279
336 782 564
127 421 282
400 655 327
249 312 729
341 348 879
59 867 318
203 335 617
431 527 136
430 649 50
547 847 448
105 839 354
399 646 715
241 694 753
361 399 217
35 891 999
293 301 75
341 527 254
666 885 249
389 630 693
245 510 162
91 833 664
415 936 552
646 925 576
498 514 596
5 631 639
198 368 457
73 210 268
664 686 8
443 984 77
347 867 140
634 940 72
78 812 973
829 943 850
274 884 941
84 878 121
118 323 862
468 943 894
255 341 54
306 422 33
186 195 33
106 156 249
469 803 547
18 436 218
439 598 438
329 454 98
246 756 11
624 800 158
146 811 782
101 930 220
483 959 261
620 651 585
395 740 408
448 654 648
181 666 749
773 949 616
705 784 62
137 339 196
117 701 830
463 644 48
276 325 178
277 843 734
141 364 504
132 941 444
629 905 446
128 719 934
437 631 532
541 869 446
688 794 603
235 600 434
867 938 30
446 906 250
491 790 195
45 259 224
338 852 62
55 729 987
71 611 938
625 686 476
252 337 507
712 825 214
561 907 957
184 473 298
592 920 591
215 838 858
278 291 801
764 909 948
216 281 820
863 897 448
904 964 966
357 701 222
407 768 759
149 551 898
209 718 634
21 319 487
102 598 93
487 979 966
27 897 436
369 711 300
754 992 961
724 915 913
774 862 359
456 877 853
230 982 466
169 465 442
250 671 766
333 988 47
207 368 644
329 729 735
489 928 465
77 157 85
650 732 565
647 843 71
717 795 789
489 792 805
767 892 347
278 459 296
439 684 189
147 885 206
254 457 425
269 438 232
184 410 573
547 886 327
361 739 608
153 543 195
736 762 273
274 896 973
16 433 927
166 382 133
155 538 743
775 995 452
689 770 209
483 825 248
555 632 29
303 440 14
435 437 615
548 588 48
57 700 856
71 126 861
316 756 904
971 973 839
142 465 158
84 305 630
460 623 783
604 965 456
316 457 292
710 746 565
591 754 737
359 837 325
313 982 41
611 787 893
21 199 367
130 455 202
325 828 571
163 426 38
161 593 160
506 869 171
480 558 755
55 375 259
136 473 853
602 616 200
137 600 921
554 822 115
526 531 862
202 901 473
185 732 631
157 647 561
496 617 803
504 881 963
795 855 455
203 280 960
711 851 355
794 922 252
528 682 124
18 380 742
134 547 539
125 521 184
181 620 579
95 217 369
488 803 505
770 773 991
453 835 874
731 849 644
172 558 200
741 889 91
324 450 433
77 937 514
773 893 579
18 123 508
3 391 215
163 548 249
558 899 862
222 942 91
299 619 134
387 537 630
184 269 306
185 605 324
268 875 706
691 940 655
408 877 57
29 818 402
388 464 355
352 917 363
417 761 657
19 884 900
304 923 266
171 415 82
292 546 83
604 794 19
303 907 974
186 613 116
531 628 556
131 337 231
541 660 794
184 262 843
720 750 424
162 328 670
312 796 184
99 738 982
255 428 210
135 204 897
749 834 369
354 844 322
610 611 163
803 909 68
853 957 569
225 903 669
847 988 796
434 590 216
219 659 402
108 899 299
71 752 453
134 430 459
233 908 419
123 462 276
466 667 726
46 848 380
311 555 177
224 617 628
362 727 223
831 968 535
542 869 735
579 785 385
417 669 197
455 765 639
17 614 260
231 952 423
20 306 476
542 776 468
713 888 75
15 978 489
354 539 977
119 245 331
53 335 450
822 905 383
815 871 366
276 388 163
50 576 791
122 980 76
207 889 286
676 808 282
18 254 4
364 830 58
309 468 667
243 741 519
954 998 335
285 549 622
583 769 701
216 795 47
129 146 897
223 675 320
548 938 232
66 136 189
398 725 264
190 442 234
175 706 752
339 421 113
640 771 287
355 697 202
41 434 939
21 249 174
41 473 610
81 550 335
298 750 396
119 610 45
209 939 659
184 473 51
632 656 91
55 317 885
651 766 958
850 989 619
262 661 857
108 111 495
361 633 947
566 643 13
188 489 282
560 897 997
3 268 991
467 867 319
270 640 16
592 809 3
154 620 445
309 351 786
654 907 885
522 871 506
728 963 302
564 724 472
387 749 334
239 875 637
172 656 297
785 996 948
915 954 699
667 866 630
244 992 230
386 903 907
262 852 122
293 604 202
358 838 802
802 940 920
683 906 249
475 742 843
651 752 508
208 759 586
202 671 283
166 876 279
214 497 715
267 767 27
188 930 797
398 403 123
774 986 747
191 854 824
134 309 535
493 826 915
482 750 967
410 547 722
202 641 726
924 993 440
55 116 734
276 634 230
443 762 468
15 183 435
176 209 886
270 591 449
177 965 144
267 936 845
287 418 744
20 917 287
554 827 43
206 441 201
792 851 829
666 952 178
879 994 402
96 743 677
78 408 476
186 401 366
45 56 374
757 763 688
378 625 420
378 933 270
592 893 940
27 428 606
25 542 359
467 707 687
168 291 575
208 864 564
335 362 261
389 955 683
624 731 579
481 807 639
149 834 788
208 297 964
200 308 626
254 914 587
127 909 615
630 631 663
749 854 365
694 867 79
117 265 465
409 632 585
434 810 911
418 655 702
175 346 736
226 692 577
353 919 319
382 555 893
191 775 730
453 931 886
34 580 438
60 566 120
459 967 750
2 534 370
134 382 407
259 917 720
248 604 990
98 390 440
67 826 505
127 423 428
180 811 265
860 882 944
736 739 88
186 390 171
483 991 817
15 786 195
379 825 17
421 822 662
647 762 767
409 481 524
56 483 974
56 207 860
339 768 583
811 951 194
409 838 490
370 680 896
523 826 262
331 431 652
541 783 695
781 882 442
483 720 992
733 988 374
293 996 645
357 792 756
97 471 862
118 266 979
145 909 855
680 998 164
158 541 769
76 718 83
129 176 672
117 843 190
521 701 503
351 450 635
18 813 285
202 653 568
385 980 386
611 770 812
780 838 649
119 645 274
885 918 906
205 985 69
726 835 162
298 877 332
236 412 864
633 859 560
192 854 313
572 977 912
18 207 523
334 633 767
161 549 485
155 993 646
54 170 886
420 857 540
249 468 884
370 751 700
502 561 89
124 330 225
124 542 843
224 355 587
787 917 563
20 55 753
600 895 730
382 594 692
101 936 540
496 626 638
184 898 605
425 589 700
351 699 134
300 345 103
681 804 401
220 447 194
575 687 248
39 737 585
18 295 412
454 714 682
267 995 294
268 615 534
592 962 86
101 755 665
596 980 47
937 995 280
665 961 52
691 948 992
769 849 797
59 565 678
382 561 67
714 783 139
461 694 296
122 308 256
736 896 9
107 351 436
161 873 304
76 699 401
293 908 494
419 799 265
337 414 155
202 951 389
326 482 30
68 299 2
899 951 892
138 627 676
100 340 71
204 258 914
487 953 94
159 625 964
794 950 308
218 559 669
486 539 888
794 833 915
722 893 904
252 332 71
80 737 236
215 939 708
695 728 818
252 519 376
363 565 578
776 850 324
253 529 293
531 946 811
321 625 720
109 636 433
723 834 956
330 497 942
688 790 773
84 318 671
970 971 883
273 714 769
44 332 919
743 840 551
221 654 102
446 937 470
61 312 604
233 234 371
11 255 449
51 359 69
440 664 814
522 550 802
127 552 524
889 909 623
457 573 337
23 606 427
78 850 608
194 194 350
155 951 57
166 668 301
84 766 493
93 933 642
87 260 33
156 172 994
44 645 69
427 828 322
851 951 53
290 726 721
30 793 357
237 312 677
135 408 532
224 854 983
824 856 141
308 690 432
470 576 202
315 471 84
615 971 693
481 532 471
382 631 405
408 409 104
164 424 740
102 792 794
64 990 232
684 866 263
516 520 605
127 651 813
140 589 609
584 837 499
596 704 116
335 741 972
201 936 34
346 859 36
17 386 917
356 910 397
236 386 760
52 309 303
484 692 324
212 450 886
166 385 998
311 738 992
444 579 488
566 717 625
617 922 311
247 582 430
346 872 808
292 755 343
91 820 597
226 640 951
10 348 635
235 525 967
260 547 223
553 710 209
581 667 828
754 915 294
282 555 744
304 784 364
268 820 110
51 443 840
4 576 889
842 911 287
223 329 173
25 610 541
462 870 505
27 157 469
168 901 528
25 794 437
767 916 352
426 787 595
365 569 914
590 864 490
108 403 20
330 499 371
195 231 297
265 694 391
60 387 150
91 998 203
699 706 449
564 605 971
512 725 199
112 903 681
185 450 440
910 911 250
820 958 35
587 601 992
30 927 949
518 558 925
189 590 958
98 498 596
187 966 778
291 610 923
366 916 629
600 879 503
61 202 880
555 941 459
146 348 726
555 805 63
240 344 543
658 908 107
153 626 228
777 971 551
480 577 263
142 736 681
131 262 555
426 894 763
510 678 852
495 533 736
27 607 276
116 148 93
420 446 838
323 863 199
180 858 680
84 442 939
739 929 361
357 626 123
220 600 41
103 692 807
750 985 889
87 232 818
46 722 579
445 618 738
478 953 856
571 909 411
115 350 441
366 902 69
358 924 917
438 649 273
651 973 361
9 928 494
429 487 729
57 212 128
36 105 817
161 649 826
1 488 399
9 983 44
485 509 306
73 570 542
270 360 258
194 348 27
89 890 14
128 710 342
634 745 805
442 805 682
508 769 751
649 950 153
104 793 792
34 120 13
90 132 834
49 986 784
492 945 490
317 621 991
35 797 735
135 146 891
476 545 119
58 746 578
10 470 378
467 707 911
45 138 619
452 894 554
68 543 771
536 660 80
159 738 121
3 119 753
65 646 16
273 722 396
269 600 283
433 840 782
60 602 502
367 384 833
344 981 985
37 361 6
403 571 32
50 904 653
703 749 432
248 393 208
8 21 659
823 949 278
478 678 996
576 687 342
326 930 610
582 796 969
234 546 432
444 483 267
952 999 170
872 889 34
115 689 798
254 811 111
12 56 559
221 730 674
408 663 619
247 890 451
124 255 548
602 614 773
63 603 970
222 442 673
711 983 242
227 884 579
479 717 486
830 938 982
284 812 404
83 195 268
802 806 9
620 706 21
322 337 381
522 744 727
577 965 586
214 994 437
323 470 339
80 110 160
169 474 289
182 699 37
53 103 439
395 537 402
296 740 257
337 819 841
395 981 289
102 857 999
726 951 956
591 834 78
569 576 457
235 579 62
824 928 964
637 879 685
214 313 832
220 338 432
105 881 285
46 890 553
350 569 646
565 808 741
32 770 707
22 339 684
169 729 890
9 414 168
486 570 460
34 295 659
696 1000 883
96 108 168
684 818 778
389 776 873
187 679 662
925 955 491
273 409 573
2 324 187
532 953 117
43 615 811
26 500 504
22 668 698
493 850 130
678 930 348
24 312 600
70 504 115
792 840 252
564 602 684
641 982 16
252 789 326
34 464 431
126 424 959
76 957 277
124 788 89
741 943 420
21 948 21
598 623 939
44 601 439
306 928 963
775 969 498
188 238 738
592 787 933
190 228 403
9 360 537
131 772 855
710 842 816
760 947 757
436 922 970
648 965 838
125 552 290
573 862 935
82 403 320
303 855 437
470 803 991
420 803 964
293 340 253
9 351 590
413 797 48
77 339 146
248 682 68
382 900 237
244 696 809
2 361 458
552 946 473
124 615 346
625 719 176
391 598 18
209 544 792
761 907 739
126 888 497
523 723 806
6 760 595
173 179 186
703 745 771
138 516 572
876 953 713
99 821 38
317 380 813
659 932 392
64 220 805
111 478 216
306 788 823
640 978 287
429 491 994
158 455 864
190 620 628
691 789 637
22 357 408
734 779 460
306 994 78
102 566 711
586 997 974
324 459 641
695 912 253
63 679 831
357 569 554
159 378 616
234 604 841
107 201 589
351 439 992
603 998 983
216 499 603
729 899 956
560 599 713
7 183 949
219 997 944
100 909 55
647 841 186
132 847 19
162 219 433
441 868 372
544 932 341
61 511 655
55 838 374
354 946 420
361 452 16
969 971 745
233 420 867
715 985 62
333 962 487
412 836 280
609 642 693
792 800 566
126 877 750
50 792 112
826 946 512
173 589 508
281 845 220
264 402 789
85 507 739
607 645 286
160 562 499
