1000 1000
152 330 796
535 757 68
54 432 460
360 404 664
173 514 939
508 626 438
26 985 542
241 748 568
49 919 585
162 890 990
736 875 902
176 865 858
578 799 640
335 403 961
393 752 69
41 396 397
226 904 584
418 554 960
219 556 717
158 863 521
320 788 174
883 891 176
648 836 466
815 892 512
9 585 265
341 649 384
263 795 945
362 805 163
95 382 38
133 301 141
123 518 610
462 859 333
391 537 496
63 713 850
74 161 347
239 981 265
518 603 180
42 407 240
181 411 564
59 368 218
67 79 5
410 420 156
158 991 289
264 438 248
609 978 943
480 808 749
172 328 316
675 961 353
343 1000 622
969 990 522
117 903 931
586 844 484
212 714 303
381 397 450
303 573 398
98 160 432
736 908 276
499 631 493
15 980 235
249 250 459
792 920 898
206 553 975
152 217 721
329 823 417
703 967 737
444 820 562
299 837 545
229 708 599
24 464 189
535 890 518
525 638 43
192 328 429
373 782 389
358 439 434
246 950 657
695 834 371
356 520 70
543 823 882
257 898 238
505 925 234
451 795 177
105 983 570
121 621 373
277 911 960
334 783 841
106 727 975
524 630 285
482 842 691
202 961 547
3 17 895
200 665 601
671 898 964
575 858 386
8 239 151
592 722 64
80 245 101
27 134 323
226 924 943
254 788 366
426 988 29
750 871 645
206 861 991
638 975 110
531 709 768
10 758 224
887 971 531
182 241 819
232 487 886
911 933 995
393 701 763
331 508 249
258 638 169
266 351 398
318 948 674
116 430 678
227 865 246
92 747 931
65 993 352
579 586 319
369 560 815
4 871 828
524 927 191
18 227 979
449 682 411
40 681 927
34 106 69
350 618 807
398 611 39
27 234 334
437 879 535
336 439 393
738 749 97
126 368 903
508 915 403
544 666 690
146 414 975
805 823 768
11 856 254
625 966 795
793 822 121
926 946 821
147 185 903
840 998 552
47 246 933
310 435 187
208 253 427
441 626 71
168 706 690
13 571 490
237 837 968
848 864 18
695 718 314
399 435 557
55 510 676
22 915 241
405 638 58
547 995 71
464 919 444
107 615 404
117 904 548
359 785 983
9 34 924
316 892 369
192 476 411
681 838 623
785 797 654
334 784 349
547 738 231
60 168 981
614 747 715
402 779 596
61 319 97
513 971 24
144 963 615
137 451 545
52 503 728
160 265 124
171 973 350
44 712 488
243 823 682
577 965 794
194 798 134
340 354 158
294 963 84
596 614 257
124 322 765
210 804 515
221 466 718
87 733 330
227 974 1000
650 805 197
257 725 999
434 762 524
127 954 957
292 991 608
613 833 347
252 337 535
415 945 380
267 624 849
59 737 985
266 463 938
529 630 881
332 817 457
352 802 138
346 681 305
444 592 541
101 695 166
537 726 599
674 700 102
163 497 72
87 950 808
311 719 619
317 579 342
320 398 100
808 903 323
351 957 979
792 839 595
230 512 374
56 429 289
569 734 955
165 390 647
114 887 253
780 795 725
221 589 748
156 400 152
207 373 243
414 489 106
145 206 549
498 923 58
216 295 379
109 554 817
429 861 700
103 915 110
215 391 655
854 976 218
176 372 716
199 550 825
481 990 825
487 628 895
416 872 620
206 802 634
688 698 652
100 406 41
3 739 353
760 948 236
167 454 199
200 419 782
205 241 976
337 992 471
162 413 726
117 539 527
26 205 665
369 572 475
334 833 867
159 776 394
176 821 117
474 651 594
418 951 327
229 464 961
436 623 333
439 655 78
207 294 303
325 916 820
118 629 687
49 230 75
503 919 795
900 952 264
230 844 963
871 978 171
677 829 111
132 673 847
233 853 27
463 995 102
298 750 255
431 899 295
129 377 742
299 532 318
531 536 741
307 483 793
775 845 738
417 558 350
259 703 777
235 599 556
558 959 17
304 783 418
394 813 641
11 498 299
382 932 228
337 973 913
166 463 284
25 357 315
42 555 969
94 847 894
4 234 995
190 249 222
409 520 67
787 988 5
205 854 535
274 389 215
24 529 293
545 622 459
314 539 282
77 613 574
116 595 87
654 723 190
185 345 954
446 859 446
333 348 793
629 948 514
557 983 616
4 714 914
247 664 113
395 500 500
125 515 902
645 872 107
74 312 191
77 781 833
492 520 952
77 858 647
209 298 284
465 699 542
537 676 332
128 253 293
423 914 556
100 651 536
379 673 500
667 761 779
96 192 422
437 608 250
250 356 943
599 700 315
7 610 201
15 893 299
296 629 921
37 717 452
681 998 354
251 612 560
121 604 943
395 449 422
181 262 45
278 735 153
182 764 339
48 745 824
67 602 725
407 555 568
517 702 640
19 275 654
56 918 392
70 344 353
810 882 487
289 331 269
140 587 371
579 842 90
373 421 777
25 612 638
605 720 999
594 873 742
400 693 737
486 873 218
323 339 75
28 531 560
98 724 872
676 895 518
901 922 386
86 599 641
624 826 309
609 723 863
826 881 24
624 633 679
315 805 386
274 703 465
571 650 51
62 841 247
398 551 110
144 451 698
300 938 550
219 634 500
230 978 188
52 704 191
86 804 351
726 988 12
333 911 451
117 579 816
113 645 977
943 981 942
310 734 499
701 743 58
302 624 143
36 182 172
140 330 570
472 742 731
467 733 574
56 817 750
807 838 643
283 505 217
140 828 820
481 610 239
413 755 387
497 682 330
47 138 614
422 710 365
775 921 379
82 305 749
161 943 507
782 849 974
237 348 721
98 100 63
62 688 527
101 847 950
900 969 102
268 394 279
339 392 533
391 709 14
206 369 110
181 985 345
14 30 776
661 687 353
385 691 453
166 936 789
217 972 731
44 837 891
140 742 863
395 762 827
255 670 752
76 506 797
142 784 451
190 374 138
918 951 825
578 647 385
117 787 100
543 736 42
633 939 607
126 814 701
108 460 211
478 984 237
573 733 297
751 806 677
348 451 231
790 938 195
28 259 146
176 869 746
13 258 236
716 922 341
36 129 973
778 994 512
352 934 431
202 805 589
380 625 652
132 670 574
217 427 338
396 502 261
259 825 14
505 945 823
281 463 437
319 964 140
71 520 965
159 474 967
753 867 215
178 531 941
213 362 791
397 791 575
486 793 80
339 578 145
199 769 14
885 918 137
188 916 907
235 238 859
892 931 547
396 854 230
36 587 378
738 907 786
145 448 229
586 721 155
353 955 142
48 918 272
566 974 107
646 768 713
118 521 55
136 624 462
307 832 902
556 918 477
111 245 830
696 704 298
412 670 250
358 681 647
28 843 659
235 286 572
28 346 357
328 905 124
89 693 666
765 882 216
635 858 964
60 679 40
267 754 439
66 207 586
399 494 483
717 788 908
81 874 335
246 563 114
388 901 962
719 856 913
449 765 416
156 578 111
92 249 489
653 764 936
679 997 748
319 519 142
265 822 261
230 865 971
60 949 611
376 934 953
26 655 543
161 257 334
1 265 818
385 394 230
261 843 209
518 774 399
100 540 745
489 717 97
98 163 214
342 724 797
85 171 67
8 118 769
179 739 308
350 627 399
88 878 149
190 291 370
408 665 862
313 718 281
199 252 843
287 696 561
97 594 547
742 995 616
240 811 995
134 278 280
43 486 951
447 748 117
623 857 132
600 811 804
262 377 597
161 295 6
316 406 389
257 657 526
83 595 444
792 851 630
479 877 934
189 907 137
360 494 492
115 897 233
382 700 793
33 477 872
616 670 376
405 866 746
359 869 148
43 119 366
177 493 10
340 785 557
568 621 347
287 689 615
677 908 690
37 932 796
283 368 646
824 997 134
386 962 125
135 916 757
99 997 545
22 663 809
800 886 386
308 934 885
90 937 55
586 981 655
251 875 18
284 841 915
318 592 454
324 987 355
306 955 947
541 802 524
932 1000 926
343 939 41
864 874 845
228 818 253
335 632 118
352 865 46
10 111 905
248 337 405
476 684 608
87 444 106
456 460 905
405 790 576
188 334 980
812 855 117
68 720 150
107 192 841
40 931 515
121 924 29
107 332 223
187 477 554
540 804 193
29 640 930
141 186 391
616 643 316
33 141 833
508 785 50
455 812 930
151 471 658
508 716 88
102 275 824
832 904 271
390 802 420
111 339 516
235 668 719
656 968 233
181 922 516
644 926 265
66 142 720
170 948 34
662 738 679
249 439 82
133 679 367
133 677 655
520 823 661
467 892 126
367 669 968
102 980 624
296 502 331
285 906 710
38 964 238
604 710 279
285 944 942
107 379 356
486 942 520
716 850 383
24 449 978
399 423 448
267 729 239
438 905 11
274 667 709
623 803 528
99 517 373
266 953 903
123 226 461
673 815 568
270 949 256
169 349 680
63 84 518
32 201 681
589 717 809
526 638 303
575 700 925
111 322 581
43 300 70
937 947 931
612 720 63
599 706 228
104 833 169
244 857 941
151 643 648
219 224 785
179 667 375
124 910 23
44 685 8
753 959 666
906 939 690
99 719 896
146 260 976
178 311 691
120 499 283
353 938 184
300 613 837
884 995 550
348 698 99
644 794 584
158 576 328
371 858 447
62 213 475
169 947 283
498 561 799
2 122 407
801 893 920
502 770 459
279 669 239
43 736 514
369 830 494
59 449 525
550 562 396
142 759 795
699 735 292
963 968 159
36 146 724
114 403 220
195 449 778
364 924 684
284 435 431
327 429 166
401 577 587
562 571 381
113 755 188
212 355 753
619 963 233
86 509 399
244 887 777
175 643 822
424 553 460
308 752 741
583 829 686
528 627 241
111 963 480
172 416 186
363 665 735
113 671 986
752 804 451
225 309 365
246 745 524
348 704 753
488 513 659
746 858 631
385 563 938
123 700 214
37 351 61
145 675 400
501 945 147
271 477 739
524 589 18
94 484 647
130 365 663
508 612 685
64 866 686
299 533 859
232 882 762
617 691 361
694 893 672
180 831 577
252 561 322
506 607 724
228 954 208
379 593 552
83 196 211
134 270 586
603 897 114
25 289 235
98 194 41
285 655 976
298 869 528
408 616 279
650 659 757
511 858 374
158 266 140
772 786 992
135 985 255
166 547 520
9 377 851
436 821 75
628 675 496
308 313 254
382 612 339
273 442 613
229 455 173
62 527 121
194 216 101
670 957 128
734 921 752
423 705 412
147 518 571
161 755 669
30 728 941
409 1000 220
29 154 964
243 963 260
580 667 26
273 936 359
587 880 931
341 417 764
644 798 501
319 563 53
101 967 547
609 860 400
69 499 964
259 522 728
380 812 484
379 605 368
267 445 702
383 606 511
51 329 790
364 779 742
532 556 740
253 871 909
633 984 58
75 552 970
84 304 351
629 895 737
238 326 941
460 525 858
477 740 30
16 821 209
20 466 937
33 789 635
96 598 197
810 871 662
378 996 486
467 564 398
488 955 696
251 912 493
106 956 20
179 843 404
353 965 193
469 699 686
183 823 779
207 402 372
930 973 591
195 791 447
20 489 477
697 778 43
52 557 495
127 685 286
495 854 971
323 448 908
89 288 569
284 451 954
30 303 41
66 797 794
56 706 932
30 983 45
384 592 919
266 599 270
528 573 483
114 767 5
427 589 600
260 554 552
75 799 306
613 862 504
545 981 97
39 326 557
218 474 516
324 641 914
53 971 265
145 741 370
114 319 213
637 889 219
418 929 53
412 445 662
364 805 207
312 813 145
260 316 667
657 916 560
168 593 173
165 256 392
109 811 614
884 968 490
159 434 455
536 836 831
692 947 885
138 421 205
194 936 962
34 922 147
438 499 612
291 370 615
148 333 867
448 845 105
330 791 784
490 804 407
14 776 156
209 897 900
761 882 570
292 668 323
344 926 615
178 389 687
692 698 959
525 584 757
351 940 253
464 750 360
323 847 993
764 921 417
118 318 578
518 897 78
415 891 558
367 636 316
265 280 524
520 822 96
415 600 408
178 595 50
351 743 483
379 788 500
140 515 985
153 924 245
585 751 689
344 400 264
231 740 820
676 994 714
261 263 573
510 748 293
44 547 985
137 275 934
87 456 893
902 914 693
507 981 247
559 658 284
171 876 150
607 631 258
146 949 619
719 857 631
196 235 592
692 905 406
672 815 65
70 786 522
416 612 293
403 593 931
35 192 751
499 961 467
115 273 305
467 549 471
196 204 204
293 625 626
588 662 817
200 333 628
171 984 715
179 327 828
859 870 634
324 951 286
115 440 966
111 909 551
114 539 863
142 276 677
197 753 759
37 105 622
218 589 208
296 861 664
564 898 577
164 446 981
122 269 802
583 682 780
353 576 443
472 734 681
471 562 699
594 600 557
326 580 891
250 371 793
376 851 444
415 661 44
736 930 497
77 177 237
509 875 833
251 885 568
691 984 256
147 996 371
21 610 132
19 702 282
840 893 619
127 177 707
247 397 972
193 447 523
566 652 648
389 890 401
48 685 314
484 770 695
137 917 793
282 710 859
796 851 161
431 867 809
825 841 742
188 639 756
502 593 455
788 901 540
378 746 912
462 513 170
283 908 868
65 150 983
164 218 58
373 465 422
551 674 728
235 266 391
337 938 157
12 328 172
208 430 748
210 702 826
862 902 905
56 663 926
681 872 859
865 914 191
850 961 985
646 791 770
51 908 31
422 646 801
313 940 488
806 958 362
275 443 456
255 665 276
633 968 62
45 647 47
516 839 41
468 571 713
336 940 762
600 649 860
310 518 826
556 797 660
485 533 557
217 259 641
529 717 647
286 306 520
58 828 384
362 824 79
