1000 200
85 565 4
490 861 1
146 533 4
244 454 4
780 874 1
470 840 1
417 911 1
293 381 12
236 624 4
350 1000 1
10 917 1
671 784 6
145 436 4
516 959 1
212 243 53
613 681 13
820 908 2
152 903 1
667 887 1
357 655 4
513 675 22
32 801 1
543 818 1
133 426 5
422 557 4
337 555 4
546 861 1
835 930 3
270 981 1
760 999 1
360 595 4
96 171 15
51 393 5
281 462 4
205 638 4
565 588 22
2 511 4
333 448 4
231 705 4
382 461 4
274 323 12
583 954 1
694 942 1
138 481 4
664 859 1
1 80 10
146 776 4
245 875 1
884 954 3
497 562 61
888 945 3
251 512 4
133 211 9
928 936 57
18 315 5
58 729 4
107 341 5
20 863 1
690 885 1
325 363 23
80 504 4
100 340 5
277 531 4
350 516 4
326 881 1
506 677 22
179 628 4
309 615 4
76 640 4
259 936 1
683 810 1
26 173 10
130 648 4
89 593 4
815 980 2
74 516 4
91 675 4
577 859 1
289 312 12
801 873 2
448 871 1
427 595 4
446 558 8
425 559 4
90 801 1
42 833 1
518 791 6
154 605 4
166 615 4
52 68 59
28 39 162
151 924 1
63 512 4
690 734 19
449 786 6
335 800 1
372 803 1
27 897 1
329 713 4
547 564 72
624 940 1
138 482 4
338 811 1
187 978 1
281 928 1
822 857 14
71 332 5
388 521 4
575 614 22
552 903 1
136 947 1
398 488 4
113 265 9
617 691 13
360 535 4
103 456 4
45 997 1
434 724 8
96 504 4
500 787 6
637 976 1
411 867 1
481 648 8
120 217 9
767 804 1
716 847 1
136 983 1
435 755 6
910 995 38
427 663 4
25 409 5
158 451 4
418 766 4
168 756 4
29 524 4
465 742 6
917 994 38
375 848 1
216 499 4
429 961 1
459 960 1
432 786 6
305 893 1
537 854 1
231 739 4
552 898 1
323 982 1
68 474 4
473 888 1
344 371 98
770 864 1
94 246 9
586 865 1
369 880 1
606 698 13
20 473 4
589 776 6
711 769 6
7 274 5
24 116 10
32 990 1
787 882 1
446 998 1
271 440 4
11 419 5
75 917 1
447 886 1
266 578 4
238 668 4
56 802 1
111 256 9
631 947 1
179 977 1
9 78 10
828 965 3
368 473 4
496 865 1
40 116 10
122 600 4
435 778 6
217 432 4
297 819 1
286 761 4
35 135 10
52 234 9
693 878 1
617 772 6
55 675 4
648 992 1
81 395 5
127 721 4
389 672 4
735 976 1
191 366 5
96 542 4
199 824 1
356 496 4
76 640 4
407 921 1
887 972 3
