1000 300
235 387 372
83 687 430
292 688 454
456 929 793
873 874 423
20 614 262
607 679 794
565 733 460
250 893 865
527 990 545
365 707 141
362 516 377
467 873 880
226 984 11
370 387 284
706 828 46
302 710 260
47 169 670
581 947 13
129 330 712
660 753 535
745 829 321
300 934 893
634 645 574
188 507 99
512 846 481
16 623 446
416 452 367
206 984 372
247 378 227
277 576 479
140 328 895
150 593 924
351 760 334
446 658 479
695 737 509
44 513 481
334 674 371
619 697 624
23 565 963
414 793 928
200 325 916
125 620 540
85 908 481
157 339 80
845 850 889
48 531 983
341 976 916
111 275 932
695 769 465
214 509 285
109 910 579
393 845 868
92 191 639
515 969 110
782 924 605
93 921 351
869 887 124
357 871 894
268 801 739
24 175 802
401 882 387
385 450 141
461 755 971
475 881 888
163 495 580
284 335 660
43 813 876
679 737 694
40 634 624
1 233 618
322 644 293
70 153 795
581 766 826
108 459 393
582 794 236
68 269 630
325 740 138
663 896 396
8 360 507
93 720 579
374 585 732
362 379 82
674 953 625
673 928 268
211 784 13
315 870 79
123 354 811
119 610 322
266 328 726
138 822 802
328 689 510
229 255 399
495 957 12
229 404 160
813 947 315
144 966 591
231 612 783
107 243 930
40 689 659
590 818 668
126 648 43
167 854 219
38 618 767
31 617 325
268 584 622
545 763 1
37 116 837
71 365 367
614 738 459
611 910 745
435 940 817
695 697 216
53 469 58
444 628 635
357 547 786
157 969 755
158 552 82
255 841 270
390 465 133
278 708 846
114 623 345
574 815 461
605 894 682
8 22 352
515 543 644
456 827 752
12 236 542
296 906 173
104 660 648
712 957 124
339 717 535
442 834 404
351 667 837
317 499 104
120 703 26
242 702 682
204 437 718
833 867 417
79 615 764
725 888 798
378 908 985
43 276 877
176 568 18
598 637 162
707 711 336
670 872 672
54 923 744
262 577 357
212 506 651
19 827 282
565 579 133
78 965 914
900 974 824
237 653 682
206 499 215
471 757 459
5 974 706
773 971 361
375 649 912
148 153 599
135 167 361
320 886 804
540 937 179
104 765 345
650 991 582
588 755 45
458 499 79
403 699 483
471 489 35
803 849 657
799 888 474
75 421 888
462 950 384
177 982 339
506 571 159
589 880 852
552 847 931
695 848 955
566 860 333
101 885 433
323 470 461
73 690 785
606 820 641
595 878 623
449 457 919
324 431 877
730 958 306
200 730 907
336 572 130
686 882 589
536 580 604
29 73 626
48 505 135
215 382 6
560 916 138
288 645 459
151 990 50
192 262 938
482 871 212
258 284 478
226 997 409
264 605 406
136 523 340
321 568 867
371 851 642
184 432 716
475 537 53
806 908 488
331 742 520
6 615 302
102 738 579
308 505 702
694 976 592
213 966 89
83 569 820
118 587 405
178 281 943
6 985 374
803 919 546
430 468 882
149 402 325
45 884 479
663 785 962
273 532 490
70 138 225
246 432 715
201 883 686
18 833 420
12 41 583
312 544 942
133 410 918
207 525 364
324 864 305
398 689 394
614 890 563
383 435 468
213 369 626
851 858 684
274 288 931
385 496 433
224 316 274
608 939 468
126 487 794
483 961 352
215 265 634
34 548 842
46 723 805
137 861 721
610 645 755
309 663 974
140 536 769
735 972 990
151 652 512
690 727 116
12 962 721
174 683 499
498 817 642
124 412 447
310 814 535
229 579 209
103 345 363
535 696 635
680 947 936
28 198 649
343 359 820
828 890 153
457 606 815
673 840 124
297 784 91
395 632 242
9 646 139
534 758 250
258 509 136
270 656 327
489 602 2
331 751 277
30 431 390
268 634 802
122 286 530
277 784 875
216 983 92
359 540 562
360 820 562
494 613 279
31 245 665
215 768 513
57 140 414
564 756 991
213 592 81
163 304 114
158 977 631
659 865 985
349 839 321
672 897 499
271 753 76
735 975 387
577 626 509
88 134 576
54 155 66
