1000 100
332 506 518
307 541 189
533 566 50
60 334 598
163 448 417
120 510 700
313 973 907
85 729 231
818 890 326
876 897 717
666 989 616
135 346 832
289 405 982
606 667 398
134 556 175
89 975 760
491 919 317
364 564 573
747 994 93
382 997 263
594 905 974
403 827 726
387 894 942
798 888 620
652 726 466
110 617 539
169 776 390
45 660 969
357 590 418
425 955 86
139 870 523
13 553 580
496 916 69
191 751 189
275 679 29
908 942 179
723 764 820
881 904 774
743 847 974
339 751 942
67 929 294
817 960 594
37 535 65
222 442 961
630 988 121
527 584 378
523 725 785
416 930 47
2 596 612
133 524 117
201 641 53
111 236 687
268 735 476
10 324 372
541 946 676
630 651 850
610 997 640
736 768 180
742 951 224
151 182 541
322 895 635
721 989 101
93 154 652
630 705 540
862 955 972
337 533 510
546 667 205
222 307 728
648 899 433
470 653 901
145 644 717
665 751 23
340 561 332
584 596 642
796 949 253
260 285 378
163 222 705
620 837 640
215 622 671
652 955 365
170 700 463
668 977 128
84 786 324
128 478 807
190 733 392
363 986 191
174 857 834
285 363 88
187 610 978
570 998 868
319 658 288
27 764 846
751 906 73
545 969 847
853 936 764
16 556 228
667 694 172
205 239 452
35 940 323
346 849 343
